150001J
150002
150003
150007
150006
150008
150009
150010
150011
150016
150017
150012
150013
150018
150019
150022
150023
150020J
150021J
150025
150026
150027
150028
150029
150031
150030
150032
150033
150037
150036
150041
150038
150034
150035
150043
150042
150039
150040
150044
150045
150048
150047
150046
150061
150053
150054
150064
150065
150059
150060
150062
150063
150052
150051
150057
150058
150055
150056
150066
150067
150068
150071
150072
150078
150069
150070
150049
150050
150073
150075
150079
150076
150077
150083
150084
150087
150081
150085
150086
150082
150088
150089
150080
150096
150097
150098
150099
150104
150105
150090
150091
150001
150110
150111
150092
150093
150094
150095
150107
150106
150100
150101
150108
150109
150112
150113
150114
150115
150116
150117
150118
150102
150119
150127
150121
150122
150128
150120
150129
150123
150124
150132
150133
150134
150137
150140
150141
150145
150146
150148
150149
150150
150151
150152
150153
150154
150144
150143
150147
150130
150131
150020
150021
150156
150138
150139
150142
150159
150160
150157
150158
150161
150167
150168
150169
150170
150166
150171
150172
150181
150182
150175
150176
150177
150178
150179
150180
150164
150165
150184
150185
150162
150186
150187
150188
150189
150190
150191
150194
150195
150192
150193
150198
150199
505888
150200
150201
150205
150206
150207
150208
150173
150174
150203
150204
150209
150210
150213
150214
150215
150216
150135
150136
150217
150218
150211
150212
150223
150224
150196
150197
150221
150222
502049
502050
502001
502002
150219
150220
150227
150228
150241
150242
150229
150230
150231
150232
150225
150226
150235
150236
150247
150248
150249
150250
150251
150252
150265
150266
150273
150274
150261
150262
502014
502015
502021
502022
150275
150276
150269
150270
150258
150257
150260
150259
150255
150256
150233
150234
150279
150280
150277
150278
150271
150272
150253
150254
150263
150264
150267
150268
150281
150282
150293
150294
150295
150296
150243
150244
150301
150302
150299
150300
150287
150288
150289
150290
150315
150316
150283
150284
150291
150292
150245
150246
150237
150238
150307
150308
150305
150306
502007
502008
150321
150322
150311
150312
150309
150310
502031
502032
150297
150298
502037
502038
150317
150318
150323
150324
150327
150328
150325
150326
502011
502012
502004
502005
150303
150304
150285
150286
502024
502025
502027
502028
502017
502018
160641
150335
150336
150329
150330
502041
502042
502057
502058
150319
150320
150313
150314
150239
150240
502054
502055
150333
150334
150331
150332
150343
150344
150351
150352
150353
150354
150349
150350
150357
150358
184801
500001
500002
500003
500005
500006
500007
500008
500009
500010
500011
500015
500016
500018
500021
500025
500035
184688
184689
184690
184691
184692
184693
184695
184696
184698
184699
184701
184702
184703
184705
184708
184710
184718
184712
184713
500029
500028
500039
184706
500038
184711
500013
184709
500019
184738
184700
184728
500017
500056
184721
184720
184722
500058
184719
519005
519008
160706J
050006
481001
519087
519001
163302
110008
110007
420001
519688
377010
161005
163402
310328
240004
161706
288002
162206
320003
530001
080011
163503
270005
400003
257020
162607
161608
519588
360005
163803
159901
482002
519518
519300
202102
200006
510180
519519
121003
020018
519995
162207
070009
530002
550001
217203
001003
540001
373010
340005
519007
050007
519508
092002
180010
270006
100025
450002
519690
240008
160608
159902
260108
290003
410002
350004
110009
217008
160607
483003
070010
310338
288102
560001
202002
320004
400005
002021
200007
110016
519018
519506
163303
040005
090006
360006
519029
112002
530003
340006
540002
020009
590001
163804
050201
519013
378010
160609
519993
260109
161609
121005
240009
180012
519692
100026
550002
560002
320005
519100
519181
510880
150015
310358
162208
202003
290004
000021
580002
100028
481004
070011
160610
257030
213003
166001
160805
519017
519667
162006
530005
610001
519068
398021
410003
450003
540003
217009
519015
110010
040007
519021
377020
050008
570001
630001
485005
485105
160311
020010
161610
160611
519035
460002
202005
519517
240010
260110
270007
160910
560003
519589
121007J
481006
050009
200008
162209
040008
519694
620001J
590002
360007
000031
050106
202801
000041
070012
377016
519039
121099J
202007
160314
460003
519019
121009
040006
110029
486001
121008
519078
001011
001013
270009
202009
110017
110018
580003
519680
519682
163805
485107
485007
395001
519110
420002
420102
350005
040009
040010
241001
340007
519668
560005
550003
100029
213008
213007
320006
410004
410005
400007
080002
050010
183001
160612
070013
519991
373020
519183
121006
450004
202011
217010
530008
519601
290005
519666
610002
519089
110011
310368
519066
166002
460005
020012
270008
540004
481008
660001
090008J
519696
620002
200009
180013
070015
070016
630002
550005
550004
162210
162299
260111
160613
080003
240011
519023
257040
040011
217011
350006
450005
360008
360009
210002
420003
582001
571002
202211
163806
110012
398031
161010
090007
530006
213917
002031
310378
310379
180015
410006
400009
540005
110013
660002
100032
519111
519697J
260102
161902
070099
020011
519989
270010J
200010
519069
450006
379010
630003
630103
240012
240013
121011
128011
573003
481009
360010
253020
253021
320007
213006
110015
550006
550007
070017
450007
020019
020020
620003
163807
340008
690001
519698
160615
162211
290006
660003
202015J
040012
040013
610003
610103
519670
161611
519024
166003
166004
180018
519025
580005
519185
270014
020015
460006
460106
530009
531009
320008
519113
160806J
400011
310388
050011
050111
217012
100035
100037
270021
540006
398041
210003
371020
371120
470007
410007
200011
519091
350007
582201
690002
690202
166005
290007
291007
519987
000051J
460007
161810
340009
050012
070018
519186
519187
213009
213909
510060
257050
550008
202302
620004
110020
450008
206002
163808
090009
570005
233006
260112
160119J
240014
040180
510010
519686
360011
320009
660004
161811J
162307
610004
470078
320010
161207
165309
519112
202103
590003
160211
080005
162711
630005
110019
519115
162212
159903
202017
100038
540007
580006
420005
519671
233005
470008
217013
040015
410008
217014
166006J
050013
510020
000061
118001
160716
041003
690003
090010
160616
519093
163809
213010
377530
550009
310398
620005
481010
160212J
163001J
399001
660005
510130
110021
202019
217015
161211J
519026
360012
210004
162213
270022
162509
160213
240016
510030
163406
320011
470009
161812
100039
233007
040016
486002
080006
583001
583101
530010
510090
206003
206004
050014
590005
260202
070019
540008
161210
630006
217016
470888
166007
253030
460009
090011
519985J
161813
690004
570006
580007
519700
519672
161713J
610005
519095
050015
165508
050016
050116
160807
510070
206005
630007
630107
160215
485111
485011
164205J
392001
392002
270023
163810
070020
110022
510160
202021
121012
128112
539001
660006
620001
620006
040018
320012
510110
519027
206006
470006
180020
160717
161014J
164105
165509
163109
100050
160915
202105
202107
519983
161612
163407
050018
159905
481012
163811
163812
519030
450009
530011
630008
510190
040190
270025
240017
050019
050119
660102
233008
510170
257060
161115
166008
180025
180026
161815
460010
070021
160617
160121
540009
510150
217017
398051
100051
519116
660007
660107
165510
290008
161213
210005
040019
519702
376510
159906
090012
164207
519998
519674
206007
320013
164206J
200012
519602
530012J
671010
460220
510220
690005
510210
100053
110023
164902
290009
310508
519097
470018J
161714
202023
162214
253050
253051
378006
166009
165511
163813
164808
585001
241002
630009
630109
161907
270024
260115
096001
217018
161816
519509
519510
550010
550011
160718
161216
395012
395011
519981
470028
410009
320014
261001
261101
020021
510230
510260
161116
200013
200113
400013
020022
090013J
040020
050020
240018
660008
510120
519032
206008
481013
570007
165310
162215
163409
320015
210006
590006
160123
160124
360013
360014
233009
257070
080007
040021
160512
688888
001021
001023
519676J
630010
070022
210007J
050021
159908
159907
290010
270026
166010
610006
206009
090015
161016
163110
161909
165311
040022
040023
470058
470059
202212
159909
217019
510270
519704
110027
110028
180028
160514
270027
539002
161015
163816
163817
519099
163004
660009
660109
161908
541005
229001
100055
377240
160513
161217
540010
519678
582002
582202
163003
165512
350008
159910
070023
162712
240019
510280
160719
450010
485114
485014
163411
110025
100056
320016
020023
372010
372110
620007
210008
673010
162308J
164701
164606
159911
206010
217020
160415
159915
110026
159916
530015
660010
070025
070026
700001
159912
710001
262001
320017
270028
202025
510290
519683
519685
160125J
580008
470068
163208
159913
519706
050022
519979
161017
162411
161818
290011
481015
080008J
590007
090016
519033
398061
164208J
164209
233010
540011
541011
350009J
163818
690007
206011
162216
720001
530016
090017
110035
110036
660011
310518
160619
080009
080010
166401J
070027
161819
160808
165513
161219
100058
040026
410010
700002
260116
400015
040025
121010
530017
160217
470088J
470089J
730001
180029
180030
487016
217021
160618J
162010
377150
165515
070028
070029
164809
457001
360016
165706
165705J
253060J
253061J
290012J
161614
519697
050023
050123
159917
020025
163819J
160127
240020
740001
320018
165806
261002
261102
399011J
166801
690008
470098
233011
270029
270030
570008
530018
166011J
020026
159918
070030
162105J
162510J
162106
090018
378546
320019
161693
519977
519976
160416
163209
163412
050024
510410
161613
080012
217022
206012
165516
161506
200015
710002
660012
166802
481017
110037
110038
160216
162714
166013
165518
690006
690206
163820
159919
161019
510300
163111
200103
519117
519709
163821
229002
160128
160129
450011
320020
166105J
166106
210009
700003
165517J
166012J
519034
162107
460300
530020
531020
118002
510420
263001
630011
161505
470030
471030
040028
040029
161615
206013
240021J
393001J
590008
162512
540012
050025
090019
162511J
519150
160806
740101
270041
040030
040031
519710J
370021
370022
161715
750001
660013
164810
180031
675011
675013
539003
360017
360018
470060
471060
070032
420006
420106
160417
040033
040034
100060
161117
720002
080015J
164702
202108
202110
110030J
620008
161616
070031
470014
471014
519712
200016
020027
020028
161910
710301
710302
159920
000071
510900
110031
270042
560006
161820
690009
582003J
240022
270043
050026
530019
121099
121007
040035
217023
180033
510430
163822
233012
233013
160916
420008
420108
165707
166301J
510440
090020J
206015
610007
686868
686869
202303
202304
762001
162907
050027
450018
450019
040036
040037
660014
700004
100061
161118
470010
470011
519118
519119
519679
217024
163823
485118
485018
770001
270044
270045
070035
070036
160809
530014
531014
360021
360022
202027J
160620
070033
370023
750002
750003
160706
001031
001033
400016
519188
519189
164811
020029J
020030
090021
091021
380001
380002
161119
161120
519714J
110032
110033
000075
166902
166903
161618
161619
202305
202306
471028
472028
360019
360020
100007
101007
590009
590010
001057
001058
660015
160621J
530021
531021
485119
485019
260117
420009
700005
700006
380003
380004
210010J
210011J
080016
080017
100066
100068
370024
320021
519669
519716
485120
485020
050028
050128
460008
460108
730002
090022
091022
159921
320022J
161821
161822
233015
270048
270049
121013
128013
001061
001063
001065
253070
163415
110050
110051
550012
550013
380005
380006
040038
040039
202213
210012
210013
400018J
750005
720003J
080018
080019
090023J
091023J
519152
519153
070037
070038
100070
100071
519718
519720
690010
690210
675021
675023
166014
166015
020031
020032
163908
550015
550016
630012
630112
217025
217026
160810
160811
288201
519888
519889
206016J
206017J
530028
531028
020033
020034
040045
730003
730103
380007
380008
510330
550017
519020
070088
040042
040043
511990
200017
210014
370025
370026
000051
580009
100072
100073
202307J
202308J
110052
110053
620009J
519511J
740601
740602
290014
040040
040041
159922
160720
160721
690011
270046
270047
161823J
161824J
270050
487021J
510500
217027
380009
163907J
001077
001078
206018
160218
519717
050029J
050129
161620
710501
710502
470021J
471021
530029
531029
050030
550018
550019
050202
050203
485122
485022
163006
750006
750007
159923
310339
166017
380010
380011
519800
519801
660016
660116
370027
690012
690212
519190J
000007
166016J
510310
163005J
000009
000010
000013
000005
000008
511010
161716J
161717
020035
020036
000042
519120
000015
000016
000020
519528
519529
510620
510630
161507
510660
510650
510610
159925
630015
630016
000003
000004
160119
000017
165312
000014J
000024
000025
000026
000027
000049
000045
000046
000050
000052
164812J
164813
163210
163211
519898
519899
161624
161625
519721
519722
000029
000039
163112
000054
000047
000048
161622J
161623J
000028
510510
000030
519723
519725
511880
519886
519887
650001
650002
000032
000033
167701
159924
165807
165808
000058
000076
160130
159001
159002
519726
160622
160623
000067
000068
167901
165313
000022
000023
510700
000084
000085
000053
000057
000063J
162108J
162109
000083
161911
000065
519121
519122
000062
000087
000088
000066
000103
000072
519908
513100
000069
000070
162715J
162716J
000073
000105
000106
166019
000126
610008
610108
159926
000110
000089
000090
001066
000116
164815
000107J
000109J
000074
000077
000092
000093
160212
519050
000117
000080
000081
000128
000129
000118
000119
519727
000082
000142
000043
000044
000136
000151
000143
000113
000115
159003
159004
000130
000131
400020
519156
000091
000149
000150
000056
519123
519124
000120
471007
472007
000122
000123
000169J
000170J
000064
202015
000060
000145
000146
519002
000174
000175
000173
000191
000192
000078
000079
000198
000197
000200
519660
519661
000124
000195
000196
000127
510450
000037
000038
000193
040046
040047
040048
110030
310318
159927
000172
000125
000209
400022
000212
000213
167502
511210
518800
518880
000207
000208
000244
000245
000152
000153
000111
000112
000219
000086
167601
000181J
000182J
000242
000137
000138
000166
000236
000246
000225
000226
163824
000183
000179
000180
519662
519663
161718
166904
166905
000237
000238
000220
000203
000204
000199J
161826
000194
159931
159930
159929
159928
000121
000264
000251
519730
519731
000059
000216
000217
000235
166020
165519
000177
000252
000253
000104
000147
000148
160515
000267
000268
167501J
160219
000259
000257
000258
000247
000278J
000171
165520
000241
519732
000270
000190J
000254
000255
000187
000188
000167
519158
000280
000281
161022
000221
000222
000273J
000205
000206
000260
163909
163910
519507
519501
000289
000215
000295
000296
159932
000279
000256
000210
000211
164814
000202
000303
000304
000139
000141
512010
000286
000277
159933
000290
000308
000300
000301
161903
164210
164211
000312
000313
000306
161014
000165
000330
163825
163826
000338
519051
530030
531030
000315
000309
000311
000348
000349
519160
519161
000331
000332
000271
000272
161825
000201
000178
000284
000285
000184
000185
000291
000292
000293
000346
000347
000274
000275
000263
000310
000335
000354
000362
000363
000336
000314
000372
000371
000345
000324
000325
000227
000340
000341J
000342J
000316
000317
000318
000389
000368
000186
000359
000355
000356
164703
164704
519052
519053
000360
000361
000351
000352
000343
000328
000387
000388
519973
519972
160131
159934
000357
000358
166021
166022
000385
000386
000404
513500
519125
519192
000302
000294
000369
000370
510680J
000395
000396
000305
000414
161211
512110
512120
000410
000214
000408
000380
000381
000400
000401
161627
519162
519163
000428
000429
000430
000391
000392
000393
000418
000390
000423
000412
000413
519056
000366J
000377
000378
000411
000379
000424
000425
000435
000383
000384
000434
000440
000394J
519729
519858
000405
165521
000406
000407
000439
000398J
000399
000322
000323
159935
519808
519809
519859
000132
000133
000397
000436J
519055J
000433
000382
161626
000483
000484
000464
160220
000452
000486
000431
000287
000288
000473
000474
519191J
164302
164303
519656
519657
160624
000480
000485
000471
000463
000481
000457
000453
000454
000455
000478
000497J
000498
000499
519733
519735
000426
000427
000505
000506
161811
000509
000475
000476
000503
000504
000432
510520
530012
000511
000523
000493
000494
000495
000527
470018
000526
000458
000528
000339
164705
000529
000507
000508
000533
090020
000540
164509
164510
519677
000539
000409
000466J
000417
000542
000543
080008
000541
000524
000535
000532
000538
000500
000501
000502
000531
000547
163113
000550
000522
000569
000534
000546
000465
000575
000536
000559
000560
000556
000557
161831
000552
000553
000573
000558
000549
000581
519566
519567
000578
000579
519060
519061
000584
161024
000545
000530
000298
000299
000577
000014
000567
000367
206016
206017
000520
000563
000564
000566
000588
000589
000572
000590
000593
000571
161221
000574
000551
000496
000587
160625
160626
000586
000596
160812
000595
165809
000601
519165
000604
000605
519736
000610
000611
000592
090013
160918
000512
000402
000403
000585
519059
519057
519058
000591
000622
000623
000624
519126
000618
160132
519738
000510
519664
519665
000599
000607
159936
163114
000634
000594
000638
000613
000619
000583
000640
000625
000639
000609
000616
000617
400023
161827
161828
000576
000580
000554
519909
000629
000630
000641
000612
000597
000643
512640
000645
519512
519513
512600
512610
000602
000600
000513
240021
519511
000626
000627
519127
519167
000631
000632
000633
000655
000667
000672
519918
000656
000644
000651
000665
000647
000648
512070
000670
000671
000664
519568
519676
000642
000650
000652
160627
000663
000487
000488
165314
000686
000657
000658
000659
000660
000661
000662
000615
000681
000682
000683
000687
000694
000692
000699
000695
000704
000705
000654
512220
512210
512230
000469
000668
000669
000649
163115
000477
000561
000562
000719
000690
519985
000709
000646
620010
620011
161719
000063
519971
160133
000716
000706
000678
513030
000614
000319
000320
000711
000698
000724
000725
000726
000489
000490
000689
000679
000688
000720
000721
000722
000738
000728
519675
000744
000745
000729
000685
000697
202027
000749
000747
159937
000415
000416
519740
000734
000735
519131
000398
000700
164304
000741
000740
000715
000755
000746
163827
400025
161025
000714
000753
000754
000752
000598
000756
000710
000674
000675
000676
000265
000266
000696
000742
000751
000763
000743
000759
000764
160628
000765
000766
000436
169101
000732
000733
162715
162716
000748
000780
000437
000438
000761
000771
531017
000723
400027
400029
000791
000781
000782
000788
000278
162308
000785
000786
000787
000783
000784
000273
519606
000789
000790
000779
000701
000707
000693
000797
000805
000773
000804
160222
000758
000702
000703
000730
090023
091023
519516
000757
000794
000796
000819
000803
000793
000677
000808
000809
000810
000812
519878
519879
000801
000802
000818
000817
531008
000772
000800
512300
000768
000769
000770
000826
000827
000836
000837
000820
000821
000778
000822
000832
000823
000813
000814
000847
000815
000846
000806
000807
000848
000824
000825
511220
400006
519062
000736
000737
000834
161720
000828
519673
000841
000843
000394
519130
000835
000839
000840
000849
000850
160630
000831
000845
000373
000376
000854
000862
159938
000844
000863
519128
519129
000684
000419
000420
161721
000871
000872
000860
165522
000466
000859
000868
000866
000750
000875
000876
000880
000421
000422
000877
160813
000865
000816
511810
000878
000879
000712
000713
000855
000856
000857
000882
000883
000896
000897
511860
000870
000884
000869
000900
000895
202307
400030
000894
020008
202201
000893
000891
000898
000899
519743
519745
511800
160629
164208
160134
000903
161026
000889
000890
000925
000912
000909
000910
000911
000924
000928
000907
000908
000921
000922
000923
000176
000927
000920
020029
000939
160618
000904
000886
000727
000935
000914
000915
513660
000948
513600
159005
166401
159939
519915
000717
000916
000930
000929
169102
000867
519748
000950
000901
000902
000963
000940
160919
000955
000708
000931
159006
000199
000333
000334
000947
000942
000767
000887
000739
000934
000945
000946
000932
000933
000775
000776
000774
000973
000960
253060
253061
000926
000936
000970
000966
000971
000985
161222
620009
519975
000967
000978
000981
000982
000994
000995
000239
000240
000297
000628
000905
001008
519749
000366
001014
000969
001007
001010
000913
000961
001000
000603
001018
000997
000998
000962
000965
512990
000980
000975
001015
001016
000906
000885
000055
000992
000996
000937
000938
519969
000986
001017
001005
001009
000976
000968
001036
001019
001035
001027
001029
000991
001050
000620
000621
166006
001028
001026
001030
290012
000974
165705
001067
400032
001044
001051
001055
001074
001053
001048
000993
159940
519170
161223
001037
001096
001020
001064
160224
001034
164508
161716
001047
001070
001038
001054
001060
001097
001092
001093
001056
164905
162105
001110
001111
000972
001040
001103
001124
001106
000248
001122
001123
001043
001119
001117
161028
001041
163819
001104
161027
160221
161224
001126
164402
001115
001116
001127
001136
001139
512310
001105
001059
000977
162510
001120
001121
001133
001068
000988
000990
000989
001134
001118
001141
001142
001006
000979
001155
001159
001146
001147
001148
512340
001076
502048
502000
001128
001112
166011
519655
519654
164401
001157
001072
000861
001160
001161
001166
001144
001164
001165
001125
512500
320022
001075
001189
000462
001149
001135
001143
001052
160631
001173
001174
001170
001190
001191
001172
001171
001206
001207
001194
001150
001185
001158
001088
001183
001179
001113
165517
000953
000954
001163
001205
001198
001168
001197
001188
519967
001180
001156
161722
001140
160125
001209
001202
001167
001203
001204
001196
512510
001192
001162
001216
001217
159942
001214
161029
001169
519652
519653
166012
001154
001186
001039
001240
519651
519171
001201
160632
001215
001238
001229
001102
001231
001094
001199
001200
161225
001228
163116
001247
001181
001208
001178
001220
001226
160516
001184
001242
001243
001069
001249
001252
001218
001152
001232
001233
160633
001263
001262
001071
001261
001250
001095
001259
001222
680001
164906
001042
001175
001176
001177
001264
162108
001254
001277
001279
001272
001282
510710
001241
001221
001268
001195
161723
001273
001274
001270
001271
161724
001256
164818
001237
001253
001219
001260
001236
001210
166105
001227
001265
001251
160638
168201
159943
510560
162412
210010
210011
164205
001266
502013
001281
001280
502020
001290
001276
001285
001286
001267
001289
001295
001300
001301
001257
001258
001304
001245
167503
519752
001287
001298
001312
001004
161725
000327
001239
001225
001255
001244
001321
001311
001334
161122
161121
001335
161123
001320
001309
001323
001230
001303
166301
001349
001318
163117
161726
159941
001338
001316
001333
160640
001292
001293
160639
001340
001341
001339
001362
164403
001351
001345
001347
001291
001329
001330
001331
001332
001327
001328
001325
001326
001336
001337
162413
001324
001358
519753
519756
160517
519191
001313
001182
001342
001343
001373
001297
001374
001370
001278
160135
001353
001354
001355
001356
160814
519755
001361
001305
673020
160136
160637
001359
001394
001395
001283
001284
001352
168204
168203
001306
001307
001348
160419
160418
001380
001381
001367
001366
162414
519714
001317
001246
001193
001371
519963
001392
001393
161031
001357
001376
001385
001384
001398
001294
001302
001405
163118
001406
001402
001399
001400
160634
168205
160636
162511
001409
001379
001368
001369
001299
001411
001396
001413
001414
001419
001319
001417
161030
001234
001416
001375
168001
001412
519961
502006
001430
001422
001423
001073
001211
001322
161032
001415
165524
501000
165523
512330
001476
001464
001463
001466
001467
159944
159945
001404
001470
001427
001446
501001
001408
001421
001447
001308
001453
001454
001428
519641
519640
001407
001475
001433
001445
001474
001418
001480
001420
001426
001455
519959
001314
001485
001315
519190
001465
001448
001488
001489
502030
160137
350009
399011
000181
000182
001431
001499
159946
001429
502036
164907
165526
001457
001491
001365
164819
000760
001403
001493
001492
001477
001478
001484
164821
001424
001425
164820
001497
001516
001471
519965
519957
519956
001517
161628
001496
519710
502010
502003
001511
001506
393001
001504
001503
001515
001505
001481
001449
001518
168101
001460
001469
001519
001410
160420
001531
001490
001527
502023
080015
001495
502026
168202
000917
000918
000919
167301
001534
001437
001438
001529
000892
001494
502016
001537
001473
001578
001554
001555
001552
001553
001556
001557
001558
001559
001560
001561
001550
001551
001538
001275
001547
001566
001567
001571
001572
001539
502040
001540
001563
001508
001510
502056
001577
001583
001542
511830
001482
001526
001137
001138
001363
001528
001609
001610
001599
001600
511890
001594
001595
164908
165525
001397
001592
001593
001456
001468
001512
001601
001602
001500
160635
001638
161629
001522
001523
001663
510360
001525
001654
210007
519195
001564
165315
165316
001541
502053
001666
001673
001674
001683
001548
001549
001588
001589
001591
001590
001586
001587
001620
001651
213001
001624
001625
001606
090008
161226
673030
001628
000190
001458
001459
001535
001662
001693
167501
001565
163001
161832
001724
001727
001704
161833
001611
001612
001631
001632
001629
001630
001697
001698
001699
001617
001618
161713
001487
001773
510580
001769
161630
001772
001692
202308
001728
001086
001087
001626
001774
001615
001751
001752
001702
519157
001669
001712
001672
519955
001675
001676
001730
001682
206001
001775
001750
001797
001386
001391
582003
001753
001739
001708
001695
050029
001800
001754
001741
001742
001785
001679
161227
001723
001815
001766
001810
001798
001799
001641
001569
001767
001768
001623
001791
001792
001450
001451
160225
001389
001390
001643
001644
001834
001212
001213
519953
001779
000169
000170
001819
001830
001691
001235
001854
001855
001845
001870
001871
001812
001826
001661
001776
001876
001837
001887
001891
001858
001890
001546
001650
001872
001873
000326
001224
001867
001543
001621
001868
001892
001574
001882
001885
001881
001884
001883
001888
001886
001889
001736
001894
001895
001897
001847
001848
001849
001486
001909
001862
001863
001655
001906
001866
001899
001914
001931
001916
001896
001911
511980
001822
001937
519947
001908
001907
001613
001925
001926
001936
001934
001935
519758
001705
001938
001808
001924
001865
001929
001930
001960
001869
100016
001905
001922
001734
001735
001950
001946
001945
001961
000943
000944
519945
519944
001821
001820
001861
001726
001713
001912
001973
001910
001838
001949
001948
001951
001977
001915
001814
001893
001763
160621
001664
001665
001729
001677
001521
001981
001982
511900
001963
001652
001653
002013
002014
002009
002010
001903
001904
001967
001993
001387
001388
002008
001637
001823
002043
001971
001636
001635
519644
001999
002057
002058
002054
002056
002087
002088
002025
002026
001501
001502
001681
002049
002018
002019
002068
002060
001584
001585
001987
002048
002016
002015
001598
001597
001580
001570
001959
002040
002039
001840
001841
001795
001939
002075
002110
001582
002028
002055
002045
002059
002063
002062
002061
002047
002030
001688
002081
002102
002101
002080
001670
001671
519646
519647
002071
002113
002106
002112
001941
001985
511930
002137
002095
002096
002092
002093
002036
002029
002141
002017
519022
160226
519648
002072
001686
001687
002027
161229
519759
519761
519760
002144
002035
002079
002053
002052
002051
001920
001921
001796
002158
002094
002091
002082
001976
001507
001794
001740
001952
001953
002167
001846
002169
001801
002165
002163
002162
519177
002148
002157
002156
002109
002085
002041
002042
001964
002150
001616
002166
002077
002078
002145
002143
002097
002098
001607
001608
001979
002170
001479
002046
001737
001545
000341
000342
001991
001992
001443
001444
002159
002198
002188
001714
002206
002187
002186
002199
002020
519960
519962
002195
002208
002209
002207
002213
164206
001575
501002
002233
002232
002231
002237
002182
519055
001842
001843
400018
002238
002239
002215
002178
002252
002219
002218
165527
002247
002248
001716
001997
002240
002241
002249
673040
002242
002138
002139
001829
002260
002197
001877
002184
002185
002183
001994
002220
001990
002224
001645
519762
519763
002073
002074
519196
002172
002271
001718
002152
001604
000984
000987
161622
161623
510680
001787
001788
501005
501006
002290
002223
002288
002268
001709
001717
001761
001762
002286
002287
001605
002279
002281
002065
002066
002259
470021
002107
002108
002210
001956
002168
002266
002267
001639
001640
720003
511960
002230
000189
001954
002304
002296
001719
002270
002301
001781
002311
002316
002310
002315
2015-12-04
002124
002254
002255
002293
001940
002280
002312
001223
001972
002309
002142
002149
002295
001777
001778
002103
002263
519172
519173
519132
002265
002300
002222
002250
002337
002305
002132
163907
161033
519951
001933
002212
001970
002236
002211
000497
001927
001928
002282
002245
002246
002339
519764
001760
002292
002356
002357
001852
002146
002147
001536
169103
002318
511820
002330
002354
001975
002175
002173
168102
001811
002291
001755
002294
002086
470088
470089
673050
002338
002351
002371
002373
161823
161824
002370
002372
002374
002375
002200
002201
002202
002363
002364
002376
002378
161230
161231
002377
001827
002360
002368
002369
002350
002274
002275
002303
002324
002379
002380
270010
000107
000109
002365
002366
002297
519176
002273
002314
002313
001694
002361
002362
001859
001860
002385
519642
002388
002134
001401
001918
001919
166016
002408
002261
002262
002413
002414
002272
002334
002335
002404
002409
002410
001802
001803
002308
002336
002400
002401
002402
002403
519941
519940
163005
002116
002117
001864
002418
487021
002160
002390
002389
501015
002358
002367
001917
002244
001701
002436
002437
002420
002229
002441
002227
002228
002415
002381
002382
002438
002445
002331
002464
002432
002391
002392
002393
002461
002462
002446
002456
002457
002447
001878
002325
002416
002417
002440
002251
002412
162415
002423
002450
002451
002383
002469
002174
001932
002355
002489
002442
002494
002395
002396
002467
002468
002407
002397
002306
002492
002476
002477
002194
002485
160518
002425
002341
002487
002488
002486
002340
002499
002500
002285
002284
002283
164812
002480
002104
002105
002466
002491
002513
002470
002471
002190
002214
511920
002269
002398
002399
001984
002421
002422
002419
002243
002531
002530
001875
002537
002524
002535
002536
002548
002490
002549
002349
002348
002453
002454
002481
002256
002520
519766
002504
002505
002317
002557
002553
002555
002556
040001
202001
000001
020001
206001J
100016J
110001
161601
202101
080001
050001
213001J
001001
090001
070001
180001
040002
519180
121001
217003
217002
217001
162201
162202
162203
090002
210001
202202
160602
160603
070003
070002
070005
240003
240002
240001
151001
151002
255010
050002
519011
002001
510080
161603
161604
161605
200001
162602
260103
100018
020002
020003
110002
270001
050003
040003
290001
217004
260101
202301
519003
288001
519999
180002
150103
110003
233001
003003
310308
257010
161606
121002
160605
240005
340001
320001
200002
510081
217005
090003
070006
100020
020005
050004
162102
350001
290002
260104
162204
270002
000011
180003
040004
360001
110005
375010
161902J
398001
160105
020006
400001
310318J
070007
320002
090004
150005
163801
160505
519505
350002
510050
519997
580001
162703
410001
110006
213002
180008
180009
162605
162205
100022
240006
240007
460001
070008
161607
160606
370010
288101
450001
200003
370011
270004
398011
002011
163802
090005
091005
360003
160106
020007
253010
161903J