204001
204002
204003
204004
204007
204014
204028
204091
204182
131800
131801
131802
131803
131805
131806
131809
131810
131811
131804
131807
131800AA
131801AA
131802AA
131803AA
131804AA
131805AA
131806AA
131807AA
131809AA
201000
201001
201002
201003
201004
201005
201008
201010
201009
131810AA
131811AA
R001
R002
R003
R007
R014
R021
R1M
R2M
R3M
R4M
R6M
R9M
R1Y
131900
131901
202001
202003
202007
131910
131911
203028
203029
203030
203031
203032
203033
203034
203035
203036
203037
203038
203039
203040
203041
203042
203043
203044
203045
203022
203023
203024
203013
203014
203015
203016
203017
203018
203019
203020
203021
203025
203026
203027
203046
203047
203048
203049
203050
203051
OR001
OR007
OR014
OR021
OR1M
OR2M
OR3M
203052
203053
203054
203055
203056
203057
OR002
OR003
OR4M
OR6M
OR9M
OR1Y
203001
203002
203003
203004
203005
203006
203007
203008
203009
203012
203010
203011
