430002
300150
430003
002051
002052
002053
601001
430004
601988
002054
002055
002056
600048
002057
002058
002059
601006
002060
002061
002062
002063
002064
430005
002065
002066
601111
002067
002068
300016
300271
601699
002069
002279
002070
002071
002072
601588
002073
600017
002074
002075
002076
601398
002079
002078
002077
600018
002080
002081
002082
601666
002083
002084
002085
002086
002087
002088
002089
601872
002090
002091
002092
430009
601991
002095
002094
002093
002102
002101
002099
002100
002097
002096
002098
430010
002103
002105
601333
002104
002110
002108
002106
002109
601002
601628
002107
002111
002121
002112
002114
002115
002120
002113
002116
002117
601166
002118
430011
002119
601003
002124
601005
601318
002123
601007
002125
300318
002122
002126
601008
002130
002129
430013
002127
002131
002132
002134
002135
002136
002133
000338
002128
601998
002139
601328
601600
002137
002138
002170
002140
601919
601168
430014
430015
002144
002143
002141
002142
601009
002153
002146
002159
002148
002150
002152
002149
002147
002157
002155
002151
002156
002145
002158
002168
002160
002161
002254
002154
002164
002162
002163
002169
430016
002167
002175
002171
002165
002192
002166
430017
002172
002174
601169
002173
002176
002179
002177
002180
601939
002178
601808
300477
002183
002185
002182
002184
601088
002189
601857
002188
002187
430019
430020
430021
002186
002196
002208
002193
430022
002190
002191
002194
002195
300213
002200
002199
002198
601390
601918
002197
002201
002203
601999
002202
601866
002204
002205
601601
002207
002206
002209
002210
430024
002211
002213
601099
002212
002216
601899
002215
002214
002226
002217
002218
002222
601898
430025
002221
002220
002224
002219
601958
601186
430027
430026
002223
002225
002228
002227
002244
002230
002237
002257
002235
002232
002231
002249
002229
002253
002234
002246
002233
002243
002236
002265
002252
002240
002247
002239
002238
002242
002245
002241
002248
002263
002274
002251
002256
X08045
002261
002255
002259
002262
002264
002260
002258
002250
X08054
430028
601668
002267
002268
002271
430029
002269
002270
002272
X08062
002266
002275
002273
002396
601107
601766
601788
002276
002282
002284
002283
002362
002277
601727
002278
002461
002280
002285
002281
002287
002286
002288
002289
300370
002290
002296
002295
430031
002291
002300
002292
002293
002294
600999
002297
300002
002599
601126
601633
832715
002467
400062
X08103
002446
002448
002438
X08107
X08108
002490
X08110
X08111
002419
X08113
X08114
430034
430032
430035
430033
430036
430037
430039
430038
300445
430041
430044
430042
430043
300353
430048
430046
300444
430047
430051
430050
430052
430053
430054
430055
600199
000912
000690
000652
000983
000673
000920
000601
000012
000677
000938
000617
600866
000655
000417
600006
000686
000962
000622
000917
000559
600682
000819
600885
000925
000581
000929
000990
600064
600207
600662
000090
000423
000527
400050
600767
000591
600879
600218
000718
000023
000952
000811
000695
600098
600163
600126
000586
600091
000565
600103
000985
000055
600793
000878
600081
000639
600155
430056
000727
600209
600712
600231
000877
600300
600094
600896
600005
000096
600795
000948
600056
600711
600096
000607
600111
000712
600240
000705
000956
000619
000888
000913
600120
000739
000606
000516
600060
600222
000850
600217
600090
000756
430057
002298
002506
601888
002299
002301
002489
601989
002304
002306
002365
002302
002307
002350
430058
002315
002305
002303
002308
002756
002310
X09020
601139
002309
430059
601299
002311
002312
002523
430060
601618
002313
002314
002316
002356
601117
002318
002327
000880
600053
000517
600228
000958
002317
002319
600865
000950
600884
600230
000538
000881
600088
000776
000676
600857
600132
600105
600227
600009
600235
000630
600790
600894
000922
600233
002474
002321
000590
000560
400039
000007
600196
000890
600167
600191
600796
600181
600820
600125
600073
000930
600102
600655
000785
000711
400055
600160
000748
600061
600816
000750
300010
300001
002325
002331
300004
000858
300008
300003
300006
600211
600257
600208
000989
000593
000599
600769
300007
300014
300009
300011
300005
300013
000710
600232
000663
600653
000552
000935
400052
400044
600609
600771
000906
600705
000719
000701
400061
600761
600225
000951
600226
000626
601801
002328
X09055
300023
300012
300018
600104
600258
600740
000060
600791
000650
600057
000680
600058
600756
600678
600704
000564
600784
400029
000895
X09059
300071
300017
300015
300019
300020
300028
300022
300024
300021
300033
002320
601877
600205
300027
600000
300026
300025
000616
600169
600779
000678
002324
002322
600717
000979
600724
600149
600755
600725
600737
400051
600716
000679
600062
400033
600084
000020
600880
600129
600773
000506
600079
000503
600744
600262
600077
000825
002323
002326
000542
600175
600732
600718
000528
600159
600895
600774
600055
000422
000803
000598
600099
000969
600868
600074
600741
600660
600236
000078
000716
600151
600643
000421
600223
600229
000735
000065
600814
000665
600266
600778
000882
600702
000558
000043
600789
600666
600800
600602
000532
000525
000936
000611
600883
600671
600002
600877
000049
600739
600797
400031
000856
000534
000628
600195
000671
000001
000837
400027
600601
600821
000636
400037
600161
000537
600674
000892
000778
600887
600190
000722
600747
000820
600097
600116
600130
600192
600070
000595
600158
000852
000915
600008
600150
000933
400030
600108
000028
600733
000637
600683
000801
000662
600100
000939
600807
600007
000809
000802
600621
600145
000523
000061
000759
400054
600180
000651
600269
600735
600059
000788
000046
600812
600730
000615
600644
000923
000793
002330
002329
000403
400035
600785
600001
600085
002333
002332
600212
002334
002336
002337
002335
002338
002340
002561
002339
002341
002344
300031
300139
002342
002538
002343
002345
002346
002347
430061
002348
002381
300034
300032
X09105
002349
601678
002351
002352
X09110
002591
002355
002353
300029
X09113
X09114
002354
300035
300247
300036
300030
X09122
002359
002358
002549
300041
300038
X09128
300037
002357
002455
002370
002375
601688
002369
300040
835951
X09138
601058
002360
002364
300039
002367
002366
601179
002361
002368
002374
300042
300045
300049
300047
002371
300048
002373
002380
002566
002372
002376
002397
600775
601106
002378
300050
300044
300046
300043
600723
600719
600086
000605
603199
002383
002363
002379
000973
600715
000860
600801
000901
600858
600221
600267
600830
600727
600268
600798
000729
600187
000530
000758
600606
600641
600052
600106
600128
600200
600751
400042
600656
000681
000033
600123
600809
600854
002382
002421
400056
600731
600681
600101
600696
000670
600183
600630
600216
600736
600776
400049
400028
000961
600886
600234
600113
600051
000413
600206
600176
600748
600179
000828
600638
600707
000876
600758
600080
600657
000966
300277
300051
002392
002630
600688
000720
000709
600500
600618
000582
600117
600198
000752
400046
002385
002384
002386
002377
300052
300054
300264
X09184
400017
600768
600152
600089
600122
600248
600171
600734
000539
000005
000585
000633
600728
000540
600891
600706
600698
600072
600757
600766
000533
600277
000631
002394
002393
000505
600003
000070
000554
000608
000791
600138
600815
601607
000551
600871
600188
000088
400016
600870
000763
000526
000058
600203
600131
000544
600127
600238
000068
000999
601158
002388
X09189
300053
300057
300055
300056
300058
000550
000732
400011
400036
600664
600289
000806
990018
600763
000977
000531
000040
000555
000993
000430
000400
000798
400043
600189
000813
600838
000522
600136
000547
000761
000158
000024
000562
600872
000656
000970
000536
600876
000402
000822
002407
002387
002395
002389
000613
400022
000698
000982
600121
000919
000036
000851
400018
000021
400041
600359
000700
000567
000520
600075
000721
000996
000572
000011
000592
002398
002390
430062
000018
000010
600811
000868
600840
000063
000025
000955
000976
600301
000800
000056
000988
600635
000898
000514
000632
000789
000066
600166
000667
000042
000911
002391
601101
000502
600783
000009
000511
000404
000301
000524
600296
000589
002399
002410
002408
X10012
000685
001696
600642
400026
600611
000600
000968
000618
000916
600146
000780
000002
000753
000838
000620
000817
000818
000928
000795
600170
000034
000541
000521
400012
002401
002400
000638
000017
400048
000045
000833
000932
000931
000766
400025
000029
000731
400059
600839
000019
000596
000723
000980
000779
000576
000409
000971
000889
400038
000707
000810
002404
002406
000573
600749
000738
000657
000987
000428
600626
600851
000708
300059
X14266
002405
002403
002402
002409
000918
000031
000411
000089
000504
000866
000829
600863
000848
000796
000967
000783
000561
X10023
002412
601010
002411
X10027
300061
002416
002415
002414
002413
300098
300062
300087
300066
002433
002417
002425
300063
300065
300064
300068
002418
002420
430063
601369
002422
002423
002428
002442
002424
002426
002427
002431
002456
601188
601518
002644
002430
002447
002459
300073
300070
002432
002429
002434
002436
300076
300072
300105
300069
300067
002435
002440
430064
002437
002443
X10077
002622
300080
300075
834608
002613
300078
300074
300079
300083
430065
002439
X10088
603002
601012
300077
300082
002469
X10094
002441
000050
000570
000975
000597
600157
600076
600770
000859
000927
600860
000959
600690
000792
000008
000831
000543
600260
600729
000887
000666
000978
600759
600703
000816
000603
600691
000038
000893
000790
600153
000693
000965
000900
000016
000682
000883
600686
000903
600610
400019
000713
600071
000737
000905
000513
000420
000886
600650
000627
000768
400045
000702
000863
600649
000839
000957
000799
000815
300235
300084
002444
002492
002466
X10101
002445
600794
X10103
300238
300086
300101
601118
002449
000027
000807
400060
600689
000625
600259
000566
600819
000777
000518
000048
600185
000529
600742
000861
600888
600139
000150
000697
000728
400008
000669
000549
600842
000953
000032
000410
000835
600645
600291
000960
600634
000571
600693
600701
000949
000826
000659
000587
600613
001896
600623
000004
600831
000782
600832
600182
000862
000401
600675
600810
000899
000014
600632
600804
000408
600890
000419
000910
600745
000545
600708
600722
600177
600845
600637
600754
000563
000515
000415
600622
000767
000553
600110
600802
600805
000610
000406
600237
600847
600603
600777
000760
000668
300091
300081
X10111
002450
000836
000569
000546
600687
000661
600695
600063
000909
600612
600256
000823
000921
600668
600095
000797
000510
600137
000006
000609
600658
000022
400020
600078
000830
600263
X10113
002458
600631
002451
000926
600604
600178
000039
600616
000715
600279
600780
300272
300088
300090
300096
002457
002529
000407
600201
000733
600636
600624
600162
600647
600697
000069
000501
600765
000981
000498
000703
600118
600897
000548
000612
600648
000736
000059
000623
000717
600862
600066
600827
400053
600665
000426
600836
000418
000026
600141
000429
600856
X10122
601000
600193
000908
600109
000963
000099
000602
000786
600869
002452
002454
002453
002460
835891
300085
600746
600680
600826
600112
600173
600069
400023
600082
600607
000416
000751
600694
600186
600614
600620
600841
600844
600864
600213
600676
000635
400057
000902
000688
600817
600608
600743
600220
600803
600661
600148
600172
000568
600067
600692
600210
600107
600750
600823
601717
830978
300179
300097
600629
430066
600822
600667
400040
600083
400064
600605
600853
600726
600093
600855
600054
600874
400032
600133
600639
400021
600651
600684
000757
600786
600714
600615
600787
000629
600834
600261
600859
600806
600843
600848
600640
600764
600846
000062
600818
600633
600898
002463
002462
300099
300093
600824
600168
600892
600119
000030
600713
000691
600165
002464
601718
000578
600265
600792
600654
600782
600850
600875
600828
000037
600197
000692
000672
600673
600825
000035
600720
600298
000557
600239
600115
600685
600760
600219
000897
600619
000507
000584
600068
600738
600893
600710
600881
600278
600808
600873
000821
600652
430067
300253
300094
300089
300124
600202
000519
600833
600889
600753
000885
600837
600721
000683
600861
600215
600156
600617
600835
000755
000687
600882
300152
300321
X10146
300095
300245
300092
300100
002496
300103
300102
002465
601018
002484
X10157
300126
430068
601288
002468
300104
300110
300173
831074
002476
002470
300107
300305
X10169
601177
430069
603003
601377
300106
X10174
833943
300113
300114
300112
X10179
300133
300129
300118
300116
300109
300111
300117
002478
002471
300156
300115
300108
002473
002527
002530
002614
002472
002569
002595
002475
601098
300120
300128
002479
002477
831131
002480
430070
002481
300121
300119
601818
300125
002486
002485
002482
002500
430071
002521
300123
300122
002488
002487
002495
002615
300127
600998
002518
002493
002491
601028
002483
300134
300130
300135
X10233
300329
002497
002494
601996
300401
300131
430072
002498
300137
300132
002643
X10244
300138
300136
430073
X10247
X10248
300142
002499
002501
002502
300141
300140
002511
002510
002505
002504
002554
002508
002738
300154
300331
430074
002509
002503
300144
300143
300325
X10269
002514
002507
002513
601777
601880
002515
300145
300148
002520
002512
300168
300158
002516
002517
603167
002519
601558
002525
300157
002522
300146
300149
X10292
832126
002743
002547
300155
300151
002606
002524
002528
300147
300153
002526
002532
002534
002531
300169
300162
300161
002540
002702
002567
601933
300191
300159
300165
300223
002535
002609
300164
300163
300160
002536
002557
430075
002539
601890
002533
300170
X10329
300174
300166
300167
002537
300172
300171
300194
300175
300180
002545
002550
002544
002541
601116
002570
002551
300177
300178
300176
430076
002542
300181
601700
601137
300216
300193
300183
300197
002543
601519
002552
X10361
002546
601799
300184
300182
002769
601616
300340
300203
002558
X10371
002555
002548
300229
X10375
002706
002559
601216
601789
002553
300205
300220
300198
300188
300195
300186
430077
300196
300187
300345
300185
002556
300190
601011
002560
X11002
601258
002565
002577
430078
300375
300211
300192
300189
600829
430079
601992
002563
601199
300204
300214
300199
300200
002562
002564
002571
600867
600299
600699
600781
600628
000425
600679
600627
000937
600677
000812
000762
X11020
002568
300201
300366
X11024
603328
002579
430080
430081
002581
601218
002572
002573
002574
002576
603006
002575
300282
300202
300206
300210
300208
300209
833444
002580
601566
601113
002578
X11046
X11047
300207
300372
300212
601233
601208
300402
300218
X11055
430082
430083
002584
002582
430084
X11058
601222
300225
300215
300257
300219
430085
300222
300217
300221
430086
002583
601599
002590
300231
002592
300227
300224
300228
300249
300226
300240
300381
002585
601311
002586
300230
300232
300234
601798
002589
002587
300233
300236
300237
X11091
X11092
002778
002588
X11095
X11096
X11097
X11098
X11099
601567
002783
002605
833957
X11104
002594
002604
300239
002593
833283
002596
002734
002626
X11113
002600
002601
002597
002598
300242
300258
300241
601901
002607
430088
430089
430087
002602
300243
300244
002603
300248
300250
300246
002620
603456
X11132
300251
430090
002627
X11135
002608
X11137
300254
300256
430092
430091
300255
601636
X11142
300260
300252
X11145
X11146
002717
002618
X11148
300265
300267
300259
300303
836119
430093
002629
002610
300284
601908
601886
300269
300273
300261
002611
603518
300268
300263
300294
002616
300262
300270
601677
002612
002624
X11174
002621
002619
002745
002641
002617
300266
601669
430094
300274
601100
X11184
831687
300283
300275
430095
002628
002625
603686
430096
002623
601225
002637
X11194
002636
601555
300278
002634
002640
002631
002633
X11202
300276
300280
603001
601800
002635
833371
300293
833480
835776
002632
002648
X11214
X11215
300279
430097
002646
002639
002645
300285
300281
X11222
601928
002673
002638
002647
300286
300295
300288
002668
002642
430098
002651
831866
603599
X11235
300324
300350
430099
300287
300290
601313
X11241
002649
002664
300298
002655
002656
601368
X11248
601336
002667
300289
X11252
300483
002662
002688
X11256
X11257
300291
002652
X11260
603729
X11262
X11263
300297
002650
300292
X11267
430100
430101
002666
X11269
601929
300358
300310
300307
002654
X11275
X11276
002653
601339
300309
300301
300296
X11282
300304
832528
300306
002672
002663
601388
601515
300326
834599
601231
002657
430102
X11294
300300
002660
X11297
002669
002658
002674
002661
002659
300320
300313
300314
002670
603123
300327
601965
603333
002675
300311
X12006
002677
X12011
002676
603861
300302
300308
300330
X12017
601038
300317
300312
X12021
300315
X12023
300299
603000
603128
002671
430104
430103
002665
002696
430105
X12029
002699
002685
002682
430106
603077
603168
002692
300316
300319
603366
X12039
002690
002678
002691
X12043
300342
300322
X12046
300339
300400
300333
832498
002679
002689
300336
603008
831741
X12056
X12057
300334
X12059
X12060
300397
300348
X12063
300338
002701
603399
300337
002711
002687
002694
833437
X12072
002680
300332
300328
300349
430107
300344
430108
002698
833896
300323
300335
002752
603766
X12084
X12085
300347
300341
X12088
002681
002686
002683
X12092
300346
300362
X12095
430109
X12096
300343
X12098
002684
002693
603126
300383
X12103
603993
833641
X12106
603288
X12108
X12109
X12110
300371
300389
002718
002715
002716
002713
002723
002792
002710
002727
430112
601608
601238
X12122
300352
002709
X12125
002725
603555
002746
X12129
X12130
002708
002695
300382
X12134
430114
430110
430115
430111
430118
X12135
002714
X12137
X12138
X12139
002703
002722
300356
X12143
603699
X12145
002720
X12147
601016
603166
X12150
X12151
300369
X12153
X12154
X12155
300354
300367
430113
430119
430117
430116
834004
603308
300388
X12161
X12162
603989
X12164
834533
002719
603806
002700
832537
X12170
603088
603566
603009
603688
002782
601969
300351
X12178
300355
X12180
002721
X12182
600917
X12184
430120
300368
300396
300403
002697
X12189
300360
300357
X12192
X12193
X12194
002707
300363
300373
430121
X12198
601579
002748
002705
430122
X12202
300377
300391
X12205
603023
X12207
603609
X12209
X12210
831029
832474
300385
X12214
300376
X12216
300419
430124
430125
430123
X12218
002728
002724
002726
430618
300361
300380
603005
300365
X12221
430127
430126
300379
300359
300399
X12231
X12232
X12233
603100
430129
X12235
X12236
X12237
002712
430128
300386
300405
X12241
430742
300387
300378
X12245
002773
X12247
X12248
430130
836214
300390
X12251
430132
430131
603099
X12253
603111
835152
X12256
X12257
X12258
430133
430136
430135
430134
430138
430139
430140
430141
430142
430143
430144
430145
430147
430146
430137
430148
430150
430151
430149
430152
430153
430155
430154
430156
430157
430162
430161
430160
430164
430158
430159
430163
430165
430167
430166
430169
430171
430168
430173
430172
430170
430174
430176
430177
430182
430179
430186
430178
430190
430180
430189
430188
430192
430175
430183
430196
430195
430197
430191
430184
430181
430185
430193
430207
430201
430204
430206
430205
430198
430203
430202
430199
430187
430200
430194
430209
000156
000509
000151
600255
600290
000157
600293
000998
600285
430210
600281
000972
600297
000153
000159
600282
600600
000155
600283
000997
600292
600308
600287
600252
430208
430211
430212
430215
430218
430213
430219
430217
430216
430214
430223
430221
430220
430235
430244
430222
430241
430228
430224
430227
430225
430237
430232
430239
430238
430243
430236
430234
430233
430231
430226
430230
430242
430240
430229
430268
430267
430261
430265
430246
430250
430255
430248
430245
430260
430251
430249
430247
430252
430253
430258
430254
430256
430269
430262
430266
430263
430259
430257
430264
430276
430275
430292
430271
430283
430293
430299
430290
430279
430270
430272
430274
430282
430281
430278
430284
430285
430296
430297
430295
430294
430291
430289
430288
430287
430286
430298
430273
430277
430280
430309
430314
430312
430313
430311
430310
430315
430308
430305
430304
430303
430302
430300
430301
430306
430307
430316
000333
430322
430327
430324
430319
430317
430330
430331
430329
430328
430321
430320
430323
430325
430318
430332
430333
430326
430338
430337
430334
430336
430335
430341
430339
430340
430343
430342
430344
430345
430346
430348
430349
430350
430351
430352
430353
430354
430347
430355
430356
430357
430358
430359
430362
430363
430361
430360
600023
430601
430599
430597
430595
430593
430446
430545
430450
430608
430451
430605
430364
430449
430372
430378
430377
430375
430373
430516
430475
430467
430463
430465
430471
430472
430461
430452
430525
430423
430523
430422
430402
430520
430418
430403
430417
430518
430416
430460
430459
430458
430400
430397
430413
430414
430394
430411
430392
430626
430409
430391
430624
430425
430389
430622
430408
430406
430390
430384
430621
430382
430611
430383
430555
430553
430554
430558
430546
430559
430550
430547
430557
430542
430532
430551
430552
430548
430420
430432
430564
430563
430430
430561
430567
430427
430434
430591
430590
430589
430592
430594
430610
430614
430613
430612
430617
430616
430615
430620
430619
430623
430625
430628
430630
430631
430596
430609
430469
430470
430474
430476
430473
430482
430483
430481
430480
430479
430477
430478
430484
430485
430486
430487
430488
430490
430491
430492
430496
430495
430494
430493
430497
430498
430499
430500
430503
430504
430502
430501
430508
430507
430506
430505
430509
430510
430511
430515
430517
430570
430562
430560
430565
430566
430569
430571
430572
430576
430575
430574
430600
430603
430602
430604
430607
430606
430429
430428
430431
430433
430440
430439
430438
430437
430519
430522
430521
430524
430527
430526
430529
430531
430537
430536
430535
430534
430533
430541
430540
430539
430538
430544
430543
430549
430573
430580
430579
430578
430577
430584
430583
430582
430581
430585
430587
430586
430598
430568
430530
430528
430385
430388
430396
430395
430398
430401
430405
430404
430407
430410
430412
430415
430419
430456
430455
430454
430453
430457
430462
430464
430468
430380
430379
430387
430386
430393
430369
430368
430367
430366
430365
430376
430374
430381
430421
430424
430426
430556
430466
430514
430448
430627
430512
430435
430444
430443
430442
430441
430445
430447
430371
430370
430588
430399
430436
430513
430644
430650
430651
430653
430654
430645
430646
430647
430648
430649
430656
430636
430655
430638
430633
430643
430637
430657
430640
430634
430639
430652
430658
430632
430642
430635
430641
430489
430659
430662
430661
430660
430663
430664
430665
430666
430667
430670
430668
430671
430669
430672
430689
430673
430685
430683
430682
430681
430691
430680
430678
430690
430696
430692
430679
430694
430686
430687
430676
430695
430629
430697
430674
430677
430684
430693
430675
430688
430698
430699
430704
430705
430700
430710
430706
430703
430708
430701
430707
430709
430711
430712
X14001
603158
X14005
603117
603979
300476
X14004
603309
603997
X14017
X14015
X14019
X14021
300435
603611
X14023
X14006
300491
X14024
X14012
603010
603988
X14027
X14014
X14016
603889
X14029
300393
002739
300421
300438
300430
300475
002757
X14032
603789
300411
X14042
300505
300436
601211
603818
002779
X14048
600958
601198
002770
X14052
603355
603788
603828
601689
002781
430723
430722
430715
430713
430738
430719
430714
430717
430736
X14058
601226
X14060
603227
603030
603899
X14064
300501
X14065
300437
300409
300467
300415
X14076
300417
300452
X14080
002740
603369
603011
603698
601021
430748
430746
430728
430749
430740
430744
430724
430741
430737
430735
430734
430721
430733
430732
430730
430718
430726
430716
430729
430747
X14095
X14096
X14097
002768
603015
603606
X14101
X14102
603696
002730
002761
002791
002732
603368
X14109
430739
430720
430725
430727
430731
430743
430745
300463
X14087
002742
300455
603318
300449
300443
300398
603116
603866
002786
X14113
600959
X14115
002776
300384
X14118
603188
X14120
X14123
300406
X14124
430763
002771
430760
430754
430752
430755
430756
430764
430757
430753
300441
430751
X14127
X14128
300448
430750
430702
430762
430761
430759
002767
X14131
X14132
X14133
X14134
603883
002735
603885
X14138
430758
002780
002741
X14141
603017
603798
X14144
300374
300418
X14147
300429
300440
834793
300407
X14152
002729
X14154
002733
002747
X14157
603998
603901
603918
603703
603567
603608
X14164
603520
603999
002755
300466
300469
X14170
X14171
601985
X14173
X14174
601069
X14176
002749
601015
002750
002737
603025
300492
300479
300495
300464
300424
300465
603969
X14189
X14190
X14191
002775
002766
002763
601968
X14196
X14197
X14198
X14199
603919
002762
X14202
X14203
X14204
X14205
300480
X14207
X14208
300486
300490
300494
300489
300478
300471
300472
X14216
603898
X14218
X14219
X14220
603558
X14222
X14223
X14224
X14225
603012
603021
X14228
X14229
603636
002788
603618
X14233
603588
002760
X14236
X14237
300496
X14239
X14240
X14241
X14242
X14243
300484
300432
X14246
X14247
X14248
X14249
X14250
603118
X14252
X14254
002787
X14255
002789
X14257
833378
X14259
X14260
X14261
X14262
X14263
X14264
X14265
300392
300433
300462
X14270
X14271
832063
X14273
X14274
603718
601900
300500
002790
002753
603799
X14281
X14282
X14283
002758
002759
X14286
603589
X14288
X14289
300470
X14291
X14292
X14293
X14295
X14294
X14296
300414
300425
300460
X14300
X14301
X14302
X14303
300506
X14305
833482
300453
X14308
X14309
X14310
603315
603800
603600
603936
X14315
603616
X14317
300410
603338
002751
X14321
603018
300395
603222
603108
X14326
X14327
X14328
830768
830766
830765
X14329
X14330
X14331
X14332
836725
300447
300420
X14336
830783
830767
830773
300364
X14338
X14339
830774
830775
830779
830792
830777
603377
603508
X14342
X14343
603022
X14345
X14346
603085
603268
830771
830772
830778
830782
830790
830788
830785
830780
830787
603020
603198
300485
X14352
300404
X14354
X14355
X14356
X14357
300442
X14359
002731
002777
X14362
830781
830776
830770
830796
300456
X14364
603939
830784
830804
830797
830789
830769
830806
830803
830799
830801
830798
830795
830786
300461
300416
300468
X14369
300423
X14371
300431
X14373
X14374
603306
603169
X14377
X14378
834994
002772
X14381
X14382
X14383
603311
X14385
830800
830805
830791
603028
X14387
603838
300473
X14390
300474
X14392
830794
300482
300497
603066
603027
X14397
603678
X14399
830793
X14400
X14401
X14402
X14403
X14404
X14405
603568
X14407
X14408
X14409
X14410
X14411
X14412
300422
X14414
X14415
X14416
X14417
300499
X14419
X14420
X14421
X14422
300503
603869
X14425
834391
X14427
830813
X14428
300412
830807
830810
830812
830808
X14430
X14431
603299
603026
X14434
X14435
X14436
X14437
X14438
X14439
X14440
830809
X14441
603300
X14443
X14444
603598
X14446
830815
603019
830824
830819
830816
830814
830811
X14448
X14449
X14450
603519
002785
830829
830822
830821
830817
X14453
X14454
830832
830828
830826
X14455
300428
X14457
603601
X14459
X14460
X14461
X14462
X14463
X14464
002736
X14466
830831
830830
830827
830820
830818
300426
002765
X14469
X14470
X14471
X14472
X14473
833610
300434
X14476
300488
830825
603808
X14479
603778
300439
830823
603398
603223
X14484
832197
300450
X14487
X14488
300502
832856
X14491
300446
835623
X14494
X14495
300427
X14497
300493
X14499
300459
300487
X14502
300457
603968
X14505
300451
X14507
832383
X14509
X14510
X14511
X14512
X14513
300394
X14515
X14516
X14517
X14518
X14519
X14520
X14521
X14522
X14523
X14524
X14525
X14526
X14527
X14528
X14529
X14530
X14531
X14532
X14533
X14534
X14535
X14536
X14537
X14538
X14539
X14540
X14541
603669
X14543
X14544
X14545
X14546
X14547
X14548
X14549
X14550
X14551
X14552
X14553
X14554
300458
300413
300481
833839
300408
X14560
X14561
X14562
X14563
X14564
X14565
X14566
X14567
X14568
X14569
X14570
X14571
X14572
830836
830835
830834
830833
830852
830851
830850
830848
830847
830842
830837
830855
830854
830849
830846
830843
830841
830802
830856
830844
830840
830839
830859
830857
830845
830861
830853
830865
830863
830862
830871
830868
830867
830864
830860
830869
830870
830872
830873
830875
830876
830877
830878
830880
830879
830874
830866
830882
830886
830888
830885
830883
830838
830884
830887
830898
830858
830910
830909
830908
830907
830905
830897
830896
830894
830890
830881
830893
830912
830911
830906
830904
830903
830902
830901
830900
830899
830895
830891
830892
830951
830949
830948
830946
830945
830943
830942
830941
830940
830938
830937
830935
830947
830934
830933
830932
830931
830930
830929
830928
830926
830925
830924
830923
830922
830921
830920
830919
830918
830917
830916
830915
830914
830913
830975
830987
830988
830986
830985
830981
830979
830973
830969
830971
830967
830964
830957
830955
830953
830952
830950
830944
830939
830936
830927
831031
831008
831066
830994
831004
831037
831026
831018
831001
830996
831068
831035
830993
830998
831023
831032
831015
830995
831011
830991
831016
831014
831012
830989
831000
830984
830983
830982
830980
830977
830976
830974
830972
830970
830968
830966
830965
830963
830962
830961
830960
830959
830956
830954
830889
831072
831070
831073
831041
831051
831052
831078
831019
831062
831005
831009
831080
831039
831034
831006
831010
831030
831027
831022
831043
831017
831003
831021
831028
830958
831082
831085
831050
831065
831120
831081
831086
830990
831044
831002
831107
831042
831084
831057
831071
831088
831076
830992
831007
831064
831087
831025
831119
831067
831063
831033
830999
831049
831079
831045
831054
831020
831077
831118
831046
831053
831013
831069
831056
831036
831038
831040
831047
831060
831096
831109
831058
831098
831100
831102
831090
831121
831111
831103
831101
831125
831097
831110
831059
831113
831095
831122
831099
831115
831092
831105
831123
831117
831116
831104
830997
831094
831091
831114
831093
831126
831108
831127
831083
831075
831112
831106
831055
831089
831048
831124
X14708
X14709
X14710
831024
831132
831129
831128
X14711
831061
831130
831136
X14712
X14713
X14714
831134
831133
831135
831137
831138
831139
831140
831141
831142
831143
831144
831145
X14715
X14716
X14717
831146
831149
831148
831147
X14718
X14719
X14720
X14721
831159
831155
831154
831151
831150
831157
831153
831156
831152
831160
831162
831161
831158
X14722
X14723
X14724
X14725
X14726
X14727
831168
831167
831166
831165
831164
831163
831169
831182
831192
831171
831191
831172
831180
831190
831186
831181
831197
831195
831194
831189
831188
831177
831187
831185
831173
831174
831176
831184
831207
831217
831211
831204
831198
831196
831193
831183
831179
831178
831170
831175
X14732
X14733
831208
831218
831199
X14736
X14737
X14738
X14739
X14740
X14741
X14742
X14743
X14744
X14745
831221
831216
831215
831213
831200
831202
831203
831201
831210
831214
831209
831212
831219
831225
831206
831222
831220
831228
831230
831224
831223
831229
X14746
831226
831227
831238
831237
831236
831232
831205
831231
831234
831233
831249
831241
831235
831252
831247
831242
831243
831256
831245
831253
X14750
X14748
X14747
X14751
X14749
831255
831254
831250
831244
831240
831251
831248
831257
831269
831267
831277
831280
831258
831265
831259
831261
831262
831264
831276
831270
831278
831272
831285
831281
831260
831239
831283
831279
831286
831273
831275
831266
831284
831274
831263
831295
831294
831268
831288
831289
831292
831282
831287
831296
831298
831304
831246
831271
831291
831301
831290
X14752
X14753
831315
831344
831303
831299
831356
831348
831313
831341
831293
831311
831351
831350
831343
831318
831323
831339
831347
831300
831342
831349
831357
831355
831354
831353
831352
831340
831338
831337
831336
831335
831334
831332
831320
831319
831317
831316
831314
831312
831310
831346
831345
831331
831330
831329
831328
831327
831326
831325
831324
831322
831321
831309
831308
831307
831306
831305
831302
831297
831360
831358
831362
831361
831359
831333
831363
831367
831365
831364
831376
831375
831377
831373
831369
831368
X14754
X14755
X14756
X14757
X14758
X14759
X14760
X14761
X14762
X14763
X14764
831374
831372
831378
831371
831366
831370
X14765
X14768
X14766
X14769
X14767
X14771
X14770
X14772
X14773
831382
831394
831385
831380
831379
831402
831411
831398
831386
831406
831388
831384
831409
831392
831397
831407
831383
831396
831393
831403
831410
831422
831404
831431
831390
831426
831405
831387
831395
831417
831391
831401
831432
831420
831425
831399
831415
831424
831429
831413
831427
831408
831418
831428
831400
831412
831430
831389
X14774
X14776
X14777
X14775
601020
X14779
831456
831492
831487
831436
831438
831498
831497
831461
831419
831452
831488
831471
831476
831496
831486
831448
831421
831507
831454
831444
831506
831489
831478
831437
831490
831508
831483
831468
831472
831433
831491
831464
831473
831459
831500
831470
831479
831457
831475
831441
831450
831416
831469
831414
831484
831502
831451
831462
831440
831434
831477
831501
831453
831463
831442
831485
831480
831460
831474
831423
831503
831455
831505
831465
831381
831495
831482
831499
831439
831504
831458
831443
831445
831446
831494
831447
831466
831481
831449
831493
831467
831435
X14780
X14781
X14782
X14783
X14784
X14785
831509
831510
831511
831512
831513
831514
831515
831516
831517
831518
831519
831520
831521
831522
831538
831537
831536
831535
831534
831533
831532
831531
831530
831529
831525
831526
831524
831527
831561
831558
831555
831554
831546
831541
831523
831565
831562
831560
831557
831556
831553
831552
831551
831549
831548
831547
831545
831544
831543
831542
831540
831539
831528
X14786
X14787
X14788
X14789
X14790
X14791
831566
831564
831550
831559
831563
831567
X14792
X14793
X14797
X14798
X14794
X14795
X14796
X14799
X14800
X14801
X14802
831577
831575
831578
831581
831609
831604
831590
831602
831597
831600
831599
831594
831571
831591
831587
831579
831606
831568
831574
831586
831585
831572
831593
831584
831582
831592
831595
831598
831583
831589
831573
831596
831603
831605
831570
831608
831601
831607
831569
831576
831624
831623
831588
831580
831628
831618
831619
831615
831612
831610
X14803
X14804
X14805
X14806
X14807
X14808
X14809
831666
831709
831629
831675
831632
831669
831620
831631
831657
831616
831714
831641
831698
831614
831673
831682
831716
831653
831625
831613
831668
831663
831642
831637
831634
831633
831626
831627
831622
831621
831611
831640
831646
831645
831644
831643
831674
831651
831630
831696
831639
831660
831697
831690
831658
831700
831708
831654
831692
831649
831661
831635
831676
831704
831617
831652
831678
831647
831672
831706
831707
831655
831694
831703
831711
831684
831691
831636
831650
831717
831662
831699
831638
831713
831693
831679
831685
831705
831667
831677
831702
831659
831686
831681
831656
831665
831715
831710
831680
831712
831695
831664
831745
831670
831701
831727
831777
831683
831763
831752
831722
831743
831719
831728
831718
831753
831732
831648
831721
831759
831744
831786
831724
831748
831734
831755
831738
831720
831747
831749
831726
831756
831754
831740
831737
831671
831787
831798
831806
831739
831840
831792
831735
831796
831730
831723
831746
831751
831750
831799
831793
831804
831805
831779
831803
831797
831784
831800
831813
831731
831772
831762
831775
831785
831766
831688
831768
831778
831733
831821
831765
831771
831773
831788
831770
831790
831825
831736
831781
831725
831764
831782
831791
831758
831789
831783
831757
831767
831780
831761
831769
831836
831827
831810
831822
831801
831842
831820
831815
831808
831839
831824
831846
831814
831830
831826
831817
831832
831828
831831
831809
831845
831760
831823
831802
831776
831818
831849
831811
831794
831812
831844
831833
831819
831848
831838
831816
831807
831795
831835
831837
831834
831774
831829
831843
831742
831841
831729
831847
X15001
X15002
X15003
X15004
X15005
X15006
X15007
X15008
X15009
X15010
X15011
X15012
X15013
X15014
831850
831853
831852
831861
831883
831878
831888
831885
831873
831877
831871
831867
831876
831887
831899
831891
831855
831886
831865
831870
831854
831863
831859
831879
831856
831884
831869
831857
831872
831868
831907
831874
831875
831860
831882
831862
831689
831917
831864
831900
831894
831911
831890
831901
831889
831896
831903
831881
831851
831904
831924
831909
831858
831908
831928
831910
831918
831902
831912
831914
831916
831915
831920
831921
831926
831893
831895
831923
831892
831919
831898
831880
831897
831906
831905
831927
000166
831922
831913
831925
831968
831976
831962
831972
831951
831952
831956
831965
831986
831984
831985
831936
831992
831955
831987
831940
831982
831974
831953
831938
831954
831983
831939
831945
831935
831958
831934
832008
831959
832007
832040
831942
831950
832000
831946
831937
831988
831970
831960
831944
831971
831930
831990
832038
832045
832039
832028
832043
832041
831961
831933
832044
832051
832047
832036
831995
832052
832048
831973
832013
832042
832037
832049
832005
832050
832022
832018
832016
832001
832046
831966
831981
832031
832010
831943
X14810
831977
832009
831998
831957
832026
832023
832034
831931
832006
831994
832004
832024
831978
831969
831999
831949
832032
832014
831975
831996
831967
832020
832030
832025
831947
831989
832035
831979
831993
831932
832033
832003
831929
832021
832019
832012
832015
831991
831980
832027
831941
832029
832017
832011
831997
832002
831964
831963
831948
832053
832075
832071
832070
832069
832054
832059
832067
832077
832058
832072
832078
832076
X14811
832057
832074
832062
832065
832056
832073
832055
X14812
832064
832066
832060
832068
832061
832094
832086
832089
832087
X14813
X14814
X14815
832122
832096
832111
832117
832108
832113
832121
832105
832092
832097
832100
832112
832093
832081
832091
832102
832118
832119
832082
832079
832099
832123
832125
832084
832080
832083
832085
832104
832088
832090
832095
832098
832106
832114
832116
832127
832115
832107
832103
832110
832101
832120
832124
832109
832130
832135
832150
832146
832145
832151
832142
832144
832138
832162
832134
832128
832165
832157
832168
832131
832137
832166
832133
832167
832149
832140
832143
832141
832148
832155
832153
832163
832164
832139
832136
832132
832159
832160
832154
832158
832161
832129
832147
832152
832156
832171
832172
832170
X15015
X15019
X15020
X15016
X15021
X15022
X15017
X15018
832169
832173
832186
832180
832179
832175
832174
832177
832181
832187
832185
832176
832184
832188
832189
X15023
X15024
X15025
X15026
832196
832190
832195
832191
832199
832224
832230
832205
832200
832213
832215
832207
832212
832219
832193
832198
832227
832221
832192
832202
832222
832204
832194
832226
832217
832229
832206
832211
832178
832183
832223
832216
832220
832237
832254
832245
832249
832238
832240
832244
832252
832236
832203
832242
832228
832250
832214
832210
832231
832243
832255
832247
832241
X14816
832208
832235
832253
832239
832273
832209
832225
832267
832263
832269
832257
832256
832248
832274
832279
832276
832272
832258
832260
832265
832261
832264
832280
832275
832246
832270
832262
832182
832281
832201
832251
832306
832293
832291
832336
832331
832341
832340
832343
832287
832289
832338
832277
832342
832311
832284
832339
832294
832344
832333
832295
832290
832334
832317
832307
832330
832324
832283
832321
832310
832318
832300
832305
832335
832329
832296
832234
832312
832332
832288
832304
832323
832313
832327
832325
832308
832337
832303
832268
832278
832286
832316
832298
832292
832271
832319
832322
832285
832297
832302
832315
832218
832266
832233
832309
832314
832326
832282
832259
832320
832301
832299
600663
832328
832232
X15027
X15028
X15029
X15030
X15031
X15032
832345
832346
832354
832370
832361
832372
832352
832366
832364
832371
832369
603996
X15034
832367
832348
832365
832349
832363
832362
832357
832353
832347
832358
832350
832351
832359
832368
832356
X15035
X15036
X15037
X15038
X15039
X15040
X15041
832360
832375
832376
832374
832378
832377
832379
832373
832384
832392
832380
832391
832382
832381
832396
832388
832398
832409
832403
832387
832394
832410
832402
832386
832400
832405
832389
832407
832395
832406
832408
832399
832390
X15042
X15043
X15044
X15045
832355
832412
832423
832404
832414
832401
832418
832428
832424
832429
832427
832397
832385
832417
832415
832422
832416
832425
832426
832413
832455
832430
832452
832433
832421
832393
832438
832432
832449
832491
832497
832473
832475
832480
832442
832490
832439
832445
832494
832463
832471
832458
832472
832470
832444
832440
832479
832411
832495
832496
832476
832477
832450
832459
832485
832465
832478
832462
832431
832419
832456
832493
832487
832488
832484
832468
832492
832469
832464
832466
832483
832489
832460
832461
832486
832482
832435
832437
832446
832481
832448
832441
832457
832451
832443
832453
832436
832434
832454
832447
832420
832467
X15046
X15047
X15048
X15049
X15050
X15051
X15052
X15053
X15054
X15055
X15056
X15057
X15058
X15059
X15060
X15061
X15062
X15063
X15064
X15065
X15066
X15067
X15068
X15069
832506
832539
832514
832500
832535
832510
832520
832513
832512
832517
832502
832503
832521
832509
832523
832507
832501
832515
832527
832499
832536
832505
832533
832518
832508
832530
832534
832516
832540
832542
832546
832511
832525
832504
832529
832548
832526
832551
832524
832550
832544
832538
832545
X15070
X15071
832549
832519
832532
832552
832543
X15072
X15073
X15074
X15075
832547
832522
832531
832561
832564
832553
832560
832556
832566
832565
832571
832591
832604
832541
832563
832554
832569
832588
832568
832590
832594
832601
832559
832575
832572
832582
832558
X15076
X15077
X15078
X15079
X15080
X15081
X15082
832624
832625
832627
832621
832617
832611
832596
832610
832631
832600
832603
832618
832634
832573
832599
832589
832595
832606
832612
832602
832613
832608
832614
832609
832581
832580
832623
832607
832619
832584
832555
832620
832615
832570
832593
832597
832576
832587
832616
832557
832592
832578
832574
832579
832598
832567
832577
832562
832583
832622
832628
832629
832626
X15083
832585
832630
832605
832647
832638
X15084
X15085
X15086
X15087
X15088
X15089
X15090
X15091
X15092
X15093
X15094
X15095
832632
832645
832637
832639
832665
832633
832642
832636
832643
832646
832641
832666
832635
832650
832661
832656
832648
832651
832640
832654
832655
832649
832644
832657
832653
832659
832658
832660
832664
832662
832652
X15096
X15097
X15098
X15099
X15100
X15101
X15102
X15103
X15104
X15105
X15106
832586
832663
832676
832682
832670
832677
832672
832668
832680
832669
832688
832687
832673
832685
832681
832696
832678
832691
832690
832683
832694
832686
832695
832679
X15107
X15108
X15109
X15110
X15111
X15112
X15113
X15114
X15116
X15115
X15118
X15117
X15119
X15120
X15121
X15122
X15123
832671
832692
832675
832674
832667
832703
832709
832707
832693
832702
832704
832705
832700
832698
832701
832684
X15124
X15125
X15126
X15127
X15128
X15129
X15130
X15131
X15132
X15133
X15134
X15135
X15136
X15137
X15138
X15139
X15140
X15141
X15142
X15143
832739
832697
832710
832712
832737
832741
832722
832714
832742
832711
832725
832733
832727
832740
832729
832736
832728
832706
832717
832734
832721
832738
832713
832732
832723
832735
832753
832778
832775
832716
832720
832743
832724
832754
832779
832773
832809
832718
832749
832689
832760
832768
832763
832699
832744
832764
832755
832748
832752
832766
832783
832746
832793
832795
832789
832756
832750
832745
832803
832829
832790
832806
832759
832757
832785
832787
X15144
X15145
X15146
X15147
X15148
X15149
X15150
X15151
X15152
X15153
X15154
X15155
X15156
X15157
X15158
X15159
X15160
X15161
X15162
X15163
X15164
X15165
X15166
X15167
X15168
X15169
X15170
X15171
X15172
X15173
X15174
X15175
X15176
X15177
X15178
X15179
X15180
X15181
X15182
X15183
X15184
X15185
X15186
X15187
832825
832792
832823
832771
832820
832747
832814
832812
832772
832762
832817
832818
832719
832824
832784
832815
832821
832822
832819
832782
832816
832770
832804
832791
832776
832781
832794
832807
832796
832797
832828
832826
832883
832811
832777
832827
832798
832801
832788
832808
X15188
832769
832800
832761
832730
832799
832758
832847
832840
832845
832802
832780
832843
832836
832844
832835
832837
832767
832839
832834
832833
832841
832830
832786
832857
832852
832751
832849
832870
832832
832866
832855
832896
832891
832880
832851
832882
832774
832860
832877
832861
832899
832876
832865
832886
832925
832908
832871
832726
832887
832885
832873
832850
832858
832869
832927
832904
832878
832859
832897
832910
832879
832864
832911
832854
832907
832930
832892
832889
832838
832846
832842
832921
832893
832900
832915
832863
832903
832928
832853
832895
832905
832867
832909
832848
832924
832914
832923
832894
832952
832872
832874
832881
832708
832917
832919
832902
832943
832963
832950
832810
832875
832940
832916
832906
832913
832970
832926
832945
832929
832813
832969
832939
832951
832956
832965
832946
832976
832959
832944
832998
832966
832979
832987
832993
832972
832964
832918
832941
832935
832938
832983
832931
832999
832937
832968
832953
832932
832978
832934
833000
832868
832948
832936
832962
832982
832960
832984
832985
832949
832971
832922
832995
832731
832977
832947
832988
832933
832901
833010
832954
832992
832994
832955
833059
833042
833056
833036
833071
833009
833001
832958
833076
833032
833095
833094
832980
832997
833053
833074
833072
833082
833003
832996
833035
833064
833022
833033
832920
833081
832986
833063
833089
833044
833102
833070
833005
833012
833047
833024
833092
832888
833002
833069
833140
833065
833111
833026
833079
833011
833015
833045
833013
833060
833083
833080
833037
832942
833124
833084
832912
833004
833007
833049
832974
832981
833118
833067
832990
833100
833050
833030
833027
833057
833066
833113
833103
833038
833046
833062
832957
833121
833052
833068
833051
833131
833090
833028
833029
833016
833091
833134
833101
833096
833115
833133
833019
833127
833097
833085
832991
833058
833104
833025
833123
832961
833061
833107
833031
833054
833048
833093
833014
833018
833077
833135
833146
833129
833006
833078
833154
833153
833137
833110
833040
833043
833041
832831
832862
833023
833141
833152
833144
833172
833151
833106
833128
833034
833142
833132
833161
833020
832973
833086
833162
833125
833150
833158
833164
833130
833119
833148
832884
833039
833117
833163
833174
833105
833185
833173
833099
833098
833136
833108
833196
833178
833169
833157
833203
833170
833008
833109
833073
833176
833122
833087
833139
833116
833180
833177
832975
833171
833160
833017
833126
832890
833184
833138
833193
833145
833233
833194
833165
833155
833179
833156
833220
833183
832989
833212
833197
833143
833182
833217
833235
833149
833186
833159
833258
833204
833167
833181
833120
833214
833195
833210
833218
833166
833114
832765
833251
833021
833215
833257
833198
833216
833211
833075
833209
833255
833222
833213
833175
833227
833230
833252
833207
833190
833264
833147
833224
833284
833244
833189
833245
833199
833187
833281
833277
833265
833226
833240
833267
833221
833296
833299
833192
833239
833112
833279
833208
832898
833202
833269
833282
832967
833259
833254
833285
833234
833275
833225
833263
833289
833297
833188
833343
833191
833266
833231
833206
833312
833200
833088
833276
833236
833271
833278
833229
833055
833168
833307
833280
833241
833274
833242
833342
833219
833287
833253
833288
833314
833338
833348
833249
833319
833326
833340
833334
833272
833331
833339
833294
833322
833341
833201
833330
833308
833325
833228
833292
833273
833311
833262
833306
833353
833310
833316
833337
833232
833336
833351
833237
833305
833293
833304
833358
833250
833302
833332
833315
833349
833303
833321
833286
833300
833328
833309
833246
833223
833290
833291
833243
833205
833238
833247
833248
833313
833268
833347
833355
833359
833270
833256
833298
833261
833317
833301
833335
833354
833327
833350
833295
833324
833352
833323
833260
833333
833345
833320
833357
833364
833356
833365
833368
833367
833370
833362
833380
833384
833397
833346
833400
833398
833363
833374
833430
833318
833404
833401
833382
833402
833406
833434
833396
833360
833386
833390
833420
833393
833395
833429
833376
833373
833394
833377
833428
833411
833344
833369
833426
833423
833385
833422
833379
833389
833361
833408
833403
833412
833419
833375
833410
833425
833433
833427
833392
833445
833442
833381
833454
833391
833435
833407
833372
833463
833443
833462
833415
833432
833421
833446
833431
833415
833383
833458
833459
833414
833416
833447
833440
833387
833476
833461
833455
833457
833441
833439
833468
833449
833417
833452
833388
833460
833448
833453
833467
833456
833466
833483
833405
833450
833464
833514
833486
833495
833517
833497
833471
833436
833512
833481
833496
833399
833424
833513
833451
833506
833518
833470
833472
833487
833438
833511
833510
833501
833484
833409
833489
833493
833492
833523
833534
833507
833516
833494
833559
833535
833553
833515
833552
833521
833413
833488
833500
833556
833565
833505
833503
833504
833522
833531
833550
833541
833465
833558
833520
833570
833543
833499
833502
833469
833555
833571
833538
833540
833490
833519
833498
833533
833527
833477
833537
833526
833536
833473
833581
833546
833542
833485
833545
833549
833561
833560
833579
833582
833532
833548
833562
833544
833574
833525
833508
833567
833547
833474
833475
833577
833554
833509
833568
833573
833575
833576
833580
833583
833528
833566
833586
833587
833478
833529
833551
833569
833366
833588
833598
833572
833608
833597
833593
833564
833590
833591
833479
833600
833605
833592
833584
833578
833539
833615
833418
833631
833633
833669
833643
833614
833651
833618
833638
833623
833616
833642
833620
833622
833609
833663
833655
833621
833668
833602
833606
833645
833607
833524
833674
833670
833653
833601
833557
833646
833617
833629
833657
833662
833647
833630
833611
833636
833626
833650
833648
833628
833627
833625
833656
833654
833649
833594
833677
833667
833640
833563
833637
833675
833644
833659
833673
833619
833661
833672
833681
833664
833686
833604
833603
833589
833596
833678
833700
833612
833697
833684
833652
833688
833599
833530
833595
833639
833739
833699
833691
833692
833696
833613
833695
833329
833671
833687
833682
833717
833666
833693
833680
833694
833632
833701
833723
833685
833710
833683
833709
833707
833698
833635
833744
833708
833742
833720
833704
833689
833758
833746
833706
833703
833715
833727
833718
833756
833702
833748
833726
833759
833729
833660
833747
833754
833730
833721
833736
833732
833725
833728
833712
833719
833716
833745
833734
833743
833740
833711
833690
833767
833772
833762
833752
833679
833705
833750
833713
833738
833768
833634
833733
833778
833731
833741
833784
833755
833753
833761
833779
833776
833782
833722
833788
833773
833763
833783
X15189
833770
833769
833735
833757
833804
833774
833676
833665
833842
833801
833807
833830
833865
833872
833819
833777
833714
833794
833866
833832
833781
833809
833785
833821
833840
833851
833826
833816
833811
833867
833846
833836
833863
833737
833813
833829
833876
833796
833881
833780
833825
833818
833766
833798
833793
833886
833859
833792
833791
833787
833857
833849
833841
833860
833749
833893
833820
833874
833847
833585
833833
833852
833843
833806
833797
833827
833814
833802
833805
833810
833823
833888
833855
833905
833962
833828
833869
833789
833877
833892
833909
833883
833941
833854
833908
833928
833838
833765
833724
833786
833944
833864
833844
833834
833925
833858
833887
833799
833933
833845
833764
833795
833878
833853
833958
833884
833800
833850
833871
833926
833938
833491
833861
833812
833882
833894
833921
833929
833937
833968
833945
833889
833900
833891
833862
833918
833775
833880
833911
833898
833987
833947
833917
833885
833961
833899
833890
833817
833986
833914
833919
833932
833815
833940
833924
833904
833856
833955
833927
833953
833965
833922
833936
833930
833992
833974
833977
833790
833771
833960
833931
833990
833906
833959
833808
833624
833946
833915
833984
833939
833916
833879
833903
833983
833848
833895
833966
833948
833985
833912
833951
833935
833901
833873
833923
833971
833976
833950
833978
833952
833760
833897
833822
833956
833875
833902
833981
833993
833835
833910
833751
833970
833954
834053
834024
833824
834030
834011
834032
833868
833969
834015
833920
834027
833973
833803
833980
834023
834010
833831
834036
834046
834043
834047
833934
834009
834037
833963
833942
833870
834033
834007
833996
833999
834034
833967
833989
834082
834044
834048
834045
833995
834026
834022
834039
834035
834017
834052
834020
834005
834016
833913
834021
834000
833972
834040
833949
834014
834038
834088
834113
834071
834129
834066
834075
834092
834060
834050
834080
834115
834012
834006
834025
834054
834111
834106
834096
834059
834105
833991
834116
834104
834073
834028
834077
834086
834055
834100
834108
834126
834058
834049
834081
834074
834090
834118
834031
834123
834107
834070
834095
834098
834114
834064
834056
834127
834078
834076
834062
834079
834084
833997
834120
834008
834089
834132
834124
834057
834121
834042
834069
833979
834112
834091
834099
834135
834122
834097
834141
834041
834136
834068
834102
833658
834130
834029
834128
834051
834093
834061
833982
834171
834101
834175
834202
834137
834174
834152
834196
834185
834155
834134
834186
834179
833994
834166
834164
834085
834184
834142
834170
300498
834150
834151
834148
834160
834172
834194
834083
834168
834149
834205
834165
834154
834156
834065
834146
834110
834144
834222
834212
834176
834199
834221
834173
834206
834169
834119
834223
834180
834262
834220
834158
834167
834153
834254
834159
834189
834261
834182
834087
834263
833837
834219
834183
834260
834117
834264
834187
834213
834138
834188
834224
834181
834193
834192
834103
834094
834143
834157
834203
834190
834245
834215
834072
834002
834228
834243
834233
834178
834162
834226
834125
834235
834239
834250
834246
834234
834252
834251
834163
834242
834131
834067
834236
834201
834145
834240
834231
834247
834248
834063
834207
834230
834200
834139
834140
834338
833907
834214
834227
834303
834297
834241
834294
834232
834298
834300
834268
834255
834281
834269
834287
834208
834277
834302
834330
834276
834218
834289
834275
834273
834315
834266
834326
834259
834237
834018
834323
834278
834328
834270
834258
834191
834279
834256
834274
834321
834285
834282
834244
834272
834319
834147
834364
834335
834301
834333
834322
834306
834327
834305
834320
834257
834334
834337
834361
834283
834336
834280
834290
834331
834329
834332
834324
834357
834238
834355
834313
834311
834249
833998
834367
834363
834267
834353
834325
834308
834292
834284
834225
834318
834314
834296
834309
834358
834253
834359
834356
834360
834310
834265
834376
834229
834371
834340
834372
834341
834293
834342
834216
834133
834370
834210
834374
834312
834271
834339
834369
834344
834375
834299
834343
834368
834354
834348
834395
834365
834195
834347
834373
834286
834001
834204
834382
834393
834378
834381
834346
834390
834401
834388
834402
834377
834217
834197
834389
834387
834209
834386
834403
834394
834304
834427
834441
834177
834407
X15190
X15191
X15192
X15193
X15194
X15195
X15196
X15197
X15198
X15199
X15200
X15201
X15202
X15203
X15204
X15205
X15206
X15207
X15208
X15209
X15210
X15211
X15212
X15213
X15214
X15215
X15216
X15217
X15218
X15219
X15220
X15221
X15222
X15223
X15224
X15225
X15226
X15227
X15228
X15229
X15230
X15231
X15232
X15233
X15234
X15235
X15236
X15237
X15238
X15239
X15240
X15241
X15242
X15243
X15244
X15245
X15246
X15247
X15248
X15249
X15250
X15251
X15252
X15253
X15254
X15255
X15256
X15257
X15258
X15259
X15260
X15261
X15262
X15263
X15264
X15265
X15266
X15267
X15268
X15269
X15270
834351
834415
834406
834421
834400
834366
834436
834161
834397
834417
834425
834445
834385
834443
834384
834392
834418
834411
834404
833988
834466
834438
834433
834440
834465
834446
834211
834486
834468
834495
834428
834413
834447
834435
834483
834485
834429
834345
834499
834494
834424
834414
834481
834493
834472
834295
834442
834491
834470
834460
834420
834475
834484
834504
834450
834198
834473
834461
834496
834497
834482
834500
834439
834409
834456
834462
834451
834416
834488
834471
834480
834479
834477
834463
834508
834405
834489
834478
834454
834476
834507
834510
834469
834316
834509
834434
834350
834498
834288
834352
834412
834430
834423
834291
834525
834524
834490
834457
834505
834487
834514
834431
834527
834532
834474
834522
834458
834408
834526
834515
834506
834544
834513
834512
834530
834546
834542
834511
834523
834520
834449
834399
834531
834432
834383
834362
834558
834419
834547
834516
834551
834503
834567
834537
834426
834540
834521
834560
834517
834467
834518
834543
834539
834566
834556
834453
834459
834535
834529
834536
834538
834557
834578
834573
834587
834501
834396
834569
834003
834600
834317
834464
834550
834553
834555
834398
834597
834582
834584
834588
834614
834452
834633
834665
834579
834653
834661
834502
834572
834660
834589
834641
834648
834630
834559
834656
834545
834592
834619
834651
834604
834534
834598
834650
834561
834645
834586
834655
834601
834640
834611
834422
834109
834609
834613
834629
834652
834659
834662
834638
834552
834649
834580
834621
834541
834595
834349
834632
834562
834623
834663
834615
834622
834626
834379
834577
834585
834617
834627
834549
834575
834570
834554
834603
834581
834605
834616
834519
834647
834590
834455
834607
834646
834628
834591
834642
834668
834686
834698
834684
834667
834571
834583
834636
834701
834380
834757
834669
834681
834666
834568
834593
834664
834437
834657
834685
834690
834692
834654
834731
834752
834780
834767
834612
834637
834618
834682
834624
834761
834768
834777
834737
834728
834013
834620
834712
834548
834689
X15271
X15272
834634
834779
834691
834564
834759
834749
834783
834448
834725
834717
834602
834676
834703
834596
834784
834810
834700
834753
834796
834727
834714
834574
834695
834631
834804
834795
834785
834711
834679
834671
834719
834680
834706
834307
834625
834729
834786
834778
834826
834818
834797
834721
834830
834809
834781
834772
834838
834751
834760
834769
834707
834837
834696
834732
834674
834724
834594
834576
834775
834635
834708
834745
834898
834814
834693
834677
834709
834688
834835
834743
834880
834831
834715
834782
834528
834883
834673
834702
834798
834881
834791
834882
834736
834886
834758
834697
834765
834771
834733
834723
834410
834672
834884
834813
834833
834885
834694
834754
834720
834730
834980
834819
834739
834900
834871
834740
834877
834738
834792
834823
834824
834794
834822
834770
834801
834735
834836
834762
834834
834832
834854
834820
834565
834713
834710
834899
834750
834840
834799
834644
834776
834773
834866
834764
834726
834747
834815
834643
834841
834788
834872
834851
834606
834807
834716
834811
834763
834850
834847
834704
834812
834742
834687
834803
834844
834828
834896
834842
834878
834683
834857
834756
834865
834734
834890
834897
834876
834839
834610
834817
834869
834825
834790
834670
834893
834860
834970
834718
601155
834766
834921
834843
834853
834894
834976
834827
834867
834705
834806
834935
834928
834924
834875
834946
834802
834848
834755
834922
834931
834953
834913
834722
834925
834948
834862
834966
834957
834912
834892
834805
834954
834887
834927
834859
834973
834911
834746
834908
834858
834675
834888
834889
834861
834444
834808
834863
834962
834905
834902
834910
834952
834821
834846
834915
834901
834947
X15273
X15274
X15275
X15276
X15277
X15278
X15279
X15280
X15281
X15282
X15283
834741
834855
834971
834907
834864
834909
834932
834914
834959
834926
834895
834816
834916
834903
834950
834967
834995
834852
834923
834945
834949
834987
834993
834975
834951
834968
834937
834920
834944
834906
834984
834961
834845
835009
834965
834956
835034
834856
834904
834918
835007
834963
834985
834933
834919
834943
834939
834990
835002
835006
834982
834930
834983
834639
834849
835016
835029
835065
834874
834991
834960
835005
835032
835018
835069
834934
834879
835022
835017
834979
835020
834870
834678
835063
835000
835059
834941
835014
834787
835019
835035
835038
835037
835067
834989
835072
835011
834997
834929
834940
835046
834978
835008
834492
835012
834992
835036
835010
835025
835031
834774
834873
835068
834981
835026
834917
835033
835079
834972
835074
834988
835081
834999
835062
834964
834986
834955
835052
835048
835021
835043
835061
835073
834891
835024
834800
835053
835060
835058
835050
835028
834974
835085
835042
834998
835055
835030
835039
835075
835080
835015
835078
834977
835040
835027
835066
835045
835090
835057
834658
834699
834996
834958
835084
835077
835056
835076
835082
835054
835087
835088
835083
835023
835114
X15284
X15285
X15286
X15287
X15288
X15289
X15290
X15291
X15292
X15293
835171
835064
835096
835095
835148
835177
835044
835121
835122
834938
835167
835176
835166
835129
834789
835123
835169
835168
834969
835137
835155
835089
835071
835126
835170
835173
835092
835001
835124
835108
835105
835160
835101
835188
835099
835156
835144
835202
835161
835164
835119
835100
835210
835174
835106
835182
835179
835205
835118
835094
835127
835104
835158
835113
834936
835097
835109
835049
835120
835086
835103
835216
835213
835117
835178
835135
835136
835140
835212
835141
835151
834942
835162
835150
835165
835197
835175
835112
835153
835189
835146
835172
835098
835134
835157
835207
835131
835143
835260
835102
835013
835142
835193
835253
835184
835221
835264
835147
835159
835242
835186
835110
835192
835093
835185
835240
835181
835107
835209
835235
835220
835070
835223
835218
835194
835201
835041
835200
835227
835249
835257
835195
835237
835238
835286
835245
835247
835138
835196
835183
835270
835047
835258
835287
835154
835219
835224
835217
835128
835190
835206
X15294
X15295
X15297
X15298
X15299
X15300
X15301
X15302
X15303
X15304
X15306
X15307
835246
835262
835225
835282
835145
835234
835222
835229
835233
835198
835203
835259
835243
835268
835132
835301
835204
835163
835248
835149
835254
835199
835265
835279
835116
835191
835125
835272
834563
835290
835274
835310
835294
835214
835187
835281
835111
835239
835091
835302
835231
835228
835278
835211
835252
835277
835269
835291
835255
835267
835305
835226
835236
835276
835275
835285
835263
835293
835230
835051
835250
835283
835292
835300
835297
835308
835296
835348
835004
835289
835312
835309
834868
835180
835280
835304
835139
835326
835273
835314
835003
835327
835261
835329
835321
835345
835307
835298
835130
835318
835335
835357
835354
835375
835325
835361
835344
835373
835339
835350
835306
835311
835353
835362
835295
835299
835322
835349
835251
835333
835133
835316
835337
835376
835334
835407
835331
835351
835266
834748
835328
835320
835256
835288
835241
835359
835372
835368
835352
835363
835319
835369
835385
835366
835317
835324
835342
X15308
X15309
X15310
X15311
X15312
X15314
X15313
X15315
X15316
X15317
X15318
X15319
X15320
X15321
X15322
X15323
X15324
X15325
X15326
X15327
X15328
X15329
X15330
X15331
X15332
X15333
X15334
X15335
X15336
001979
835364
835450
835412
835389
835405
835332
835434
835346
835388
835392
835232
835397
835377
835433
835406
835379
835425
835208
835380
835347
835356
835338
835430
835323
835386
835411
835419
835215
835398
835336
835271
835303
835341
835355
835343
835370
835313
835394
835435
835432
835494
835477
835401
835416
835393
835367
835374
835444
835513
835443
835542
835371
835437
835445
835439
835429
835440
835381
835456
835447
835399
835441
835424
835436
835469
835384
835410
835115
835340
835466
835497
835474
835463
835390
835454
835461
835496
835414
835458
835462
835500
835459
835525
835396
835492
835284
835503
835315
835499
835360
835464
835521
835490
835449
835428
835550
835549
835476
835383
835484
835515
835420
835460
835520
835493
835244
835534
835519
835417
835491
835473
835577
835531
835516
835457
835475
835599
835422
835553
835478
835442
835471
835555
835423
835495
835565
835403
835594
835530
835467
835427
835480
835581
835598
835585
835578
835507
835563
835526
835596
835505
835586
835584
835538
835597
835489
835426
835518
835409
835508
835498
835546
835535
835564
835602
835537
835382
835580
835511
835483
835506
835604
835575
835468
835574
835413
835418
835595
835552
835431
835387
835589
835522
835452
835601
835455
835624
835448
835603
835504
835510
835512
835600
835627
835591
835556
835509
835579
835548
835391
835514
835451
835541
835583
835628
835626
835560
835502
835488
835517
835539
835395
835587
835657
835656
835622
835551
835536
835590
835527
835523
835618
835421
835545
835561
835528
835570
835529
835533
835619
835588
835544
835365
835400
835573
835485
835606
835415
835576
835569
835446
835582
835524
835571
835612
835540
835554
835662
835562
835438
835634
835607
835557
835614
835632
835613
835568
835658
835646
835543
835641
835608
835643
835630
835621
835629
835532
835330
835616
835501
835639
835642
835611
835605
835609
835592
835638
835479
835653
835650
835453
835649
835674
835566
835567
835667
835670
835663
835631
835472
835487
835481
835610
835465
835620
835651
835636
835664
835673
835669
835640
X16001
X16002
X16003
X16004
X16005
X16006
X16007
X16008
X16009
X16010
X16011
X16012
X16013
X16014
X16015
X16016
X16017
X16018
X16019
X16020
X16021
835633
835675
835671
835660
835572
835637
835659
835615
835625
835635
835661
835654
835482
835470
835358
835678
835686
835655
835687
835713
835690
835685
835692
835648
835681
835644
835666
835676
835707
835691
835677
835689
835688
835682
835705
835718
835721
835714
835723
835679
835712
835784
835706
835726
835696
835695
835700
835702
835720
835709
835710
835559
835728
835647
835719
835683
835593
835694
835745
835734
835722
835693
835724
835715
835749
835744
835645
835680
835652
835739
835753
835761
835668
835697
835768
835733
835766
835665
835703
835773
835672
835759
835684
835740
835699
835765
835767
835780
835782
835764
835704
835781
835725
835760
835732
835701
835746
835716
835748
835772
835755
835711
835547
835777
835738
835736
835774
835729
835785
835750
835751
835778
835815
835790
835804
835756
835794
835788
835742
835820
835708
835791
835762
835727
835731
835771
835747
835787
835779
835486
835838
835770
835851
835792
835840
835797
835845
835757
835802
835801
835842
835814
835810
835754
835799
835558
835758
835798
835698
835786
835752
835793
835789
835849
835837
835829
835796
835841
835856
835831
835769
835763
835821
835812
835834
835795
835800
835835
835850
835825
835847
835846
835855
835816
835830
835848
835858
835824
835844
835735
835854
835818
835803
835808
835833
835852
835839
835822
835807
835811
835863
835836
835823
835737
835819
835857
835859
835894
835890
835877
835741
835874
835832
835880
835853
835864
835860
835866
835805
835809
835872
835878
835886
835867
835901
835885
835889
835813
835843
835871
835881
835775
835817
835828
835895
835743
835879
835875
835893
835887
835827
835870
835861
835865
835876
835869
835883
835882
835717
835826
835862
835905
835892
835806
835953
835939
835934
835917
835936
836054
835938
835932
836019
835973
836039
836055
836016
835996
836040
835994
835888
835924
836020
835960
836045
836004
836023
836024
835928
835999
836022
835897
836001
836050
835993
835921
835977
836006
836044
835991
835948
836011
835914
836049
835925
835868
835930
836031
835961
835987
836041
836005
835931
835944
835912
835982
836046
836029
836002
835903
835958
835978
835970
836012
835940
835943
835916
835942
835995
835974
836018
835981
836037
835952
836008
836038
836051
835983
835971
836003
835949
836000
835985
835964
835997
836010
835986
835956
836036
835980
835979
835935
836035
835998
836025
835984
836026
835918
835976
836021
835873
835965
835954
835919
835937
835963
835950
835946
835884
835911
835941
835962
835913
835957
835947
835972
835990
836015
836009
835927
836027
835955
836047
835989
836052
835945
836028
836042
836013
835922
835969
836048
836033
835926
836043
835959
835933
835909
X16022
836032
835915
836030
835992
836034
835923
836014
835929
835920
835988
835966
836053
835730
835968
835617
835902
836017
835900
835896
835967
X16023
836098
836100
836086
836124
836073
836128
836060
836007
836056
836081
836085
835904
836065
836110
836147
836057
836074
836108
836093
836079
836103
836104
836084
836097
835908
836130
836088
836072
836168
836058
836111
836080
836106
836126
836158
836149
836143
836062
836087
836156
836095
836167
836094
836166
836122
836198
836194
836140
836141
836090
836145
836175
836148
836118
836151
836063
836189
836199
836174
836176
836142
836064
836066
836193
836173
836159
836134
836133
836187
836132
835910
835898
836195
836082
836171
836246
836180
836154
836184
836129
836114
836070
836112
836179
836190
836144
836113
836083
836200
X16024
X16025
X16026
X16027
X16028
836138
836076
836165
836121
836160
836067
836170
836139
836069
836117
836164
836205
836181
836135
836185
836096
836259
836136
836232
836123
836068
836186
836163
836155
836177
836146
836131
836207
836288
836077
835907
836239
836172
836127
836107
836178
836301
836191
836157
836209
836089
836183
836215
836109
836116
836169
836216
836092
835899
836101
836105
836192
836251
836275
836255
836091
836152
836272
836204
836228
836161
836271
836248
835906
836321
836253
836225
836299
836150
836071
836233
836241
836277
836285
836226
836296
836102
836153
836213
836197
836244
836279
836222
836260
836281
836300
836223
836188
836212
836059
836137
836235
836229
836210
836336
836297
836395
836265
836240
836273
836203
836284
836293
836316
836217
836219
836315
836099
836274
836319
836291
836208
836125
836224
836322
836220
836298
836258
836303
836256
836366
836470
836307
836309
836329
836318
836162
836383
836236
836075
836218
836356
836268
836405
836464
836292
836295
836324
836221
836363
836278
836276
836282
836262
836354
836331
836327
836257
836196
836245
836394
836340
836243
836261
836306
836302
836369
836270
836211
836385
836312
836390
836280
836227
836202
836201
836230
836451
836266
836308
836440
836206
836392
836424
836378
836313
836337
836345
836283
836231
836290
836362
836330
836408
836249
836334
836456
836384
836474
836347
836242
836120
836263
836411
836407
836247
836429
836353
836493
836420
836481
836344
836310
836371
836478
836264
836304
836370
836377
836410
836460
836311
836335
836431
836419
836432
836487
836472
836442
836376
836237
836289
836305
836342
836339
836444
836359
836352
836414
836343
836425
836320
836437
836438
836234
836416
836457
836458
836317
836350
836351
836434
836386
836551
836452
836448
836512
836528
836379
836182
836567
836333
836361
836480
836346
836503
836381
X16029
836539
836555
836543
836576
836436
836399
836502
836441
836517
836338
836501
836326
836463
836314
836393
836489
836486
836400
836382
836269
836449
836286
836500
836374
836375
836519
836506
836467
836485
836450
836404
836428
836535
836490
836267
836447
836544
836471
836430
836389
836445
836398
836238
836418
836455
836294
836527
836510
836466
836453
836524
836367
836439
836433
836446
836254
836388
836533
836515
836514
836421
836341
836504
836521
836364
836465
836365
836417
836484
836476
836355
836250
836412
836482
836496
836115
836530
836526
836061
836495
836585
836325
836401
836323
836609
836552
836608
836522
836569
836423
836473
836435
836360
836494
836589
836443
836507
836583
836497
836380
836534
836518
836368
836483
836078
836406
836422
836403
836575
836332
836387
836475
836542
836328
836413
836396
836598
836415
836461
836581
836570
836488
836546
836468
836479
836596
836561
836409
836537
836469
836491
836564
836607
836511
836499
836520
836630
836557
836632
836397
836566
836635
836462
836586
836662
836454
836573
836641
836610
836477
836402
836645
836571
836532
836548
836547
836622
836492
836252
836582
836636
836554
836661
836621
836600
836592
836560
836650
836663
836647
836558
836563
836605
836631
836670
836587
836574
836674
836656
836572
836673
836672
836505
836669
836541
836498
836675
836668
836667
836538
836651
836584
836565
836513
836633
836606
836653
836577
836604
836529
836427
836652
836657
836611
836623
836654
836595
836619
836620
836629
836540
836531
836459
836603
836357
836627
836580
836624
836525
836508
836550
836625
836588
836613
836373
836559
836626
836646
836536
836648
836643
836594
836578
836649
836615
836523
836640
836617
836358
836618
836660
836664
836579
836516
836634
836644
836628
836642
836658
836287
836665
836599
836638
836639
836655
836562
836426
836612
836637
836597
836556
836509
836391
836602
836545
836568
836616
836601
836659
836372
836349
836666
836348
836553
836591
836593
836590
836678
836614
836682
836680
836677
836549
836671
836679
836689
836684
836683
836691
836694
836693
836688
836695
836681
836692
836700
836704
836698
836676
836690
836696
836713
836699
836685
836703
836709
X16032
X16030
X16031
836708
836719
836714
836687
836733
836720
836736
836707
836740
836710
836747
836686
836724
836750
836701
836734
836730
836718
836717
836732
836731
836716
836715
836746
836712
836721
836755
836735
836753
836722
836738
836751
836756
836723
836749
836745
836769
836742
836739
836741
836697
836748
836773
836780
836726
836793
600466
600332
600033
600305
600386
600010
600319
600016
600019
600038
600309
000488
000725
000726
000869
600316
600241
600318
600242
600323
600320
600243
600328
600247
600333
600253
600336
600337
600358
600280
600338
600270
600339
600345
600288
600135
600365
600368
600302
600303
600388
600306
600398
600307
600399
600246
600422
600390
600356
600369
600400
600377
600313
600378
600326
600389
600330
600382
600366
600276
600037
600550
600272
600310
600383
600312
600376
000995
600275
600335
600558
600367
600250
600518
600315
600360
600295
600555
600363
600396
600321
600393
600395
600311
600419
600329
600381
600568
600588
600380
600372
600468
600488
600501
600528
600589
600530
600028
600385
600498
600556
600448
600418
600519
600346
600599
600566
600539
600322
600569
600508
600596
400006
002181
400002
834019
400007
400005
600361
600011
600567
600391
600548
600331
600523
600506
600520
600362
600379
400009
600317
600583
600585
600509
600373
600350
600533
600598
600036
600456
600428
600486
600578
600582
600536
600415
600026
600505
600529
600496
600580
400010
600355
600510
600426
600327
600595
600397
600590
600503
600593
600561
600416
600526
600565
600531
600515
600592
600579
600586
600581
600553
600535
600597
600516
600551
600357
600577
600371
600560
600557
600351
600587
000875
600499
600591
400013
600050
600522
600559
600532
600571
600552
600549
600353
600511
600525
600563
000508
600458
600512
600030
600012
600538
600537
600562
600408
600576
600573
600521
600370
600460
600513
600039
600575
600375
600343
600502
600481
600004
600459
600570
600392
600584
600251
600436
600409
600433
600490
600273
600031
600435
600439
600271
600423
600475
600425
600029
600546
600352
600485
600020
600489
600480
600348
600487
600547
600449
600462
600432
600015
600429
600478
600349
600401
600507
600403
600517
600406
600469
600021
600184
600477
600900
600527
600545
600476
600446
600340
600540
600354
600249
000100
600387
600444
600325
600493
600438
600452
600470
600035
600479
600284
600463
600594
600543
600455
600405
600467
600960
600969
600572
600988
600976
600497
600986
600410
600985
600990
600114
600980
600992
600993
600967
600491
600963
600495
600483
600461
600997
600421
600966
600975
600991
600995
600420
002001
002002
002003
002004
600962
600143
002005
002006
002007
002008
600022
002009
600981
002010
002011
002012
002013
600982
002014
600984
002015
002016
002017
002018
600965
002019
600482
002020
002021
002022
002023
002024
002025
002026
600983
600973
002027
002028
002029
002030
600987
002031
600971
002032
600978
002033
002034
600961
002035
002036
600979
002037
002038
600027
002039
002040
600970
002041
002042
002043
600472
002044
002045
002046
002047
002048
002049
002050
200726
420058
200053
200054
420047
200152
200160
200168
200468
200512
200706
420063
200771
200986
200992
900929
900935
900939
900948
900949
900950
900951
900953
900956
900957
200002
420016
200011
200012
420032
200016
200017
200018
200019
200020
200022
200024
200025
200026
200028
200029
200030
200037
200039
200045
200055
200056
200058
200413
200418
200429
200488
200505
200513
420011
200521
200530
200539
200541
200550
200553
200570
200581
200596
200613
200625
200725
200761
200869
900901
900902
900903
900904
900905
900906
900907
900908
900909
900910
900911
900912
900913
900914
900915
900916
900917
900918
900919
900920
900921
900922
900923
900924
900925
900926
900927
900928
900930
900932
900933
900934
900936
900937
900938
900940
900941
900942
900943
900945
900946
900947
900952
900955
420008